224 128
653.74 250.36 59.82 -0.434
 114 28 0 0 35 8 0 0 46 2 0 0 127 33 0 10 128 10 1 14
 28 4 1 55 14 3 1 56 128 7 1 7 127 48 0 0 16 6 0 0
 66 15 0 0 112 76 1 9 128 8 0 8 68 19 2 40 10 1 0 31
 128 21 0 3 52 59 0 0 1 0 0 0 72 60 0 0 39 68 4 3
 128 58 0 0 52 43 5 9 18 11 0 0 128 102 1 0 18 11 0 0
 0 0 0 0 123 29 0 0 8 28 2 6 60 39 0 0 22 47 2 4
 19 15 0 0 25 44 1 0
805.52 237.65 52.80 -0.177
 109 17 0 3 18 3 0 4 36 4 0 8 123 23 0 12 123 1 0 9
 32 4 1 102 17 2 1 97 103 1 0 15 113 35 0 0 8 4 0 1
 88 12 0 2 117 55 1 12 123 19 0 15 100 8 1 52 6 1 0 35
 123 3 0 3 119 6 0 0 2 2 0 17 106 9 0 0 123 54 4 21
 123 43 0 2 87 31 0 9 9 2 0 2 123 68 3 1 40 0 0 0
 0 0 0 15 35 3 0 0 48 24 2 14 39 23 0 0 17 7 0 0
 3 1 0 0 16 16 0 0
439.73 540.80 32.77 2.542
 54 0 0 0 0 0 0 6 141 4 0 7 18 20 4 33 12 1 0 27
 98 109 9 4 0 0 0 7 50 35 0 0 82 2 0 0 0 0 0 8
 141 18 1 9 14 16 4 47 29 3 1 81 141 64 6 11 0 0 0 37
 93 6 0 0 64 16 0 0 0 0 0 2 141 133 7 23 20 1 0 7
 21 24 6 111 141 19 0 0 0 0 0 18 54 9 0 0 19 12 0 0
 0 0 0 0 141 57 0 1 5 4 1 4 58 12 1 6 125 98 3 6
 0 0 0 0 48 48 0 0
439.73 540.80 32.77 -0.855
 46 114 4 0 0 0 0 0 47 100 8 4 73 71 2 2 1 0 0 0
 62 132 1 0 0 0 0 0 9 15 0 0 53 38 2 0 0 0 0 2
 132 53 0 0 11 39 8 41 27 2 0 0 132 132 9 15 0 0 0 0
 67 28 0 0 72 6 0 0 0 0 0 4 132 96 14 2 8 2 0 19
 25 51 20 11 132 70 0 4 0 0 0 0 121 40 0 0 24 18 0 0
 0 2 0 1 79 109 24 0 0 0 0 3 73 55 16 3 93 35 0 13
 0 0 0 0 120 52 0 0
84.92 257.01 31.78 -2.644
 0 1 2 5 0 0 0 0 57 2 0 0 0 0 2 35 113 3 1 6
 0 0 61 145 18 1 20 145 4 0 33 145 4 0 0 0 0 0 0 3
 117 8 0 0 0 0 8 44 145 63 23 87 18 0 5 62 12 7 18 145
 76 0 0 13 2 0 0 0 0 0 0 12 19 0 0 0 8 14 83 145
 50 29 26 113 103 33 63 53 0 2 13 141 43 0 0 0 0 0 0 0
 0 0 0 0 0 0 0 0 7 5 9 12 0 0 0 37 71 10 6 2
 0 0 0 25 16 0 0 0
695.20 454.33 27.23 2.773
 5 2 0 0 0 0 0 0 117 40 0 0 0 0 0 1 141 57 0 3
 47 55 4 12 5 0 0 10 118 117 2 2 3 1 0 0 0 0 0 0
 124 26 0 0 0 0 0 1 141 36 1 24 63 6 1 13 13 3 0 62
 141 19 0 1 2 0 0 0 0 0 0 0 129 2 0 0 0 0 0 31
 141 6 3 55 65 0 0 53 5 0 2 60 141 19 0 0 5 0 0 0
 0 0 0 4 117 0 0 0 1 0 0 84 96 1 5 71 62 17 3 54
 0 0 9 70 49 27 3 0
945.03 394.05 19.82 -2.897
 14 2 0 7 1 0 0 0 54 38 0 0 0 0 0 0 31 12 0 2
 6 0 0 5 0 0 0 5 15 0 0 0 14 9 0 1 0 0 0 0
 133 133 0 0 0 0 0 5 133 50 0 9 80 13 0 24 4 0 0 23
 133 26 0 1 5 0 0 0 0 0 0 17 133 8 0 0 0 0 0 124
 133 7 4 72 70 7 0 80 2 0 4 70 133 43 0 0 32 0 0 0
 0 0 0 38 124 1 0 4 2 0 0 133 59 0 4 133 92 0 0 56
 0 0 33 94 46 5 0 0
878.03 232.16 21.99 -0.377
 0 0 0 27 89 33 2 0 13 10 0 1 8 3 0 7 113 118 1 1
 0 0 0 4 101 58 1 4 77 56 0 0 13 1 0 4 99 118 7 5
 10 5 1 0 10 34 7 5 118 36 2 0 0 0 0 58 118 51 0 0
 69 43 1 18 38 34 0 7 118 101 5 2 7 6 0 30 69 38 6 0
 51 103 23 2 3 1 0 18 112 118 14 0 11 21 1 7 95 20 0 2
 92 102 5 16 0 0 0 11 95 94 0 0 3 21 4 1 2 2 0 0
 26 97 2 0 0 0 0 0
749.40 358.44 21.09 2.793
 118 24 0 0 0 0 0 11 110 49 0 2 105 27 0 3 0 0 0 11
 136 53 0 0 0 1 0 7 8 4 0 0 82 47 0 0 0 0 0 6
 136 81 0 1 33 45 5 23 17 1 0 8 136 136 5 8 1 0 0 4
 38 36 0 0 77 24 0 0 0 0 0 6 136 28 2 19 23 6 1 19
 32 6 2 119 136 48 1 3 0 0 0 28 70 11 0 0 69 6 0 0
 0 0 0 6 136 7 0 13 38 1 0 36 13 1 0 58 136 16 0 3
 0 0 0 11 46 6 0 0
749.40 358.44 21.09 0.017
 5 0 0 0 0 0 0 12 74 0 0 0 0 0 1 102 68 1 0 50
 29 0 3 125 1 0 0 125 71 0 3 12 44 5 0 0 1 0 0 29
 125 19 1 5 6 1 10 125 32 2 1 119 125 4 8 86 0 0 0 74
 108 2 0 0 47 12 0 0 0 0 1 12 125 80 4 20 20 1 0 28
 22 14 5 125 125 14 0 6 0 0 0 39 63 3 0 0 31 2 0 0
 0 0 5 29 125 2 0 7 32 3 1 62 13 0 0 57 125 18 0 5
 0 0 0 18 42 2 0 0
355.34 157.68 19.28 2.788
 39 15 3 0 0 0 0 1 155 15 1 2 21 16 3 32 14 0 0 25
 155 64 3 8 0 0 0 7 26 5 0 0 68 2 0 0 0 0 0 6
 155 13 0 2 28 16 3 47 39 3 0 10 155 79 3 12 0 0 0 0
 62 10 0 0 56 14 0 0 0 0 0 3 155 114 5 11 18 1 0 18
 30 29 7 47 155 10 0 5 0 0 0 2 72 1 0 0 35 2 0 0
 0 0 0 9 155 32 1 2 10 5 2 57 28 11 1 11 155 33 3 18
 0 0 0 0 57 6 2 0
355.34 157.68 19.28 -0.330
 38 3 2 0 0 0 0 0 155 26 2 13 15 6 1 12 23 8 2 65
 155 34 1 4 0 0 0 11 47 4 0 0 52 0 0 0 0 0 0 3
 155 6 0 2 19 19 6 53 36 2 0 20 155 106 6 17 0 0 0 6
 75 16 0 0 45 8 0 0 0 0 0 0 155 82 3 12 23 1 0 7
 42 24 4 62 155 6 0 2 0 0 0 9 83 1 0 0 21 2 0 0
 0 0 0 10 155 46 2 5 9 0 0 38 28 15 3 34 155 18 1 4
 0 0 0 3 43 19 3 0
951.73 96.86 15.63 -0.266
 58 36 0 0 0 0 0 0 141 116 0 3 57 10 0 2 9 7 2 13
 141 45 2 2 0 0 5 40 24 5 2 1 60 4 0 0 0 0 2 19
 141 29 0 0 24 23 4 93 26 4 0 5 141 141 4 17 0 0 0 14
 56 28 0 0 48 5 2 0 0 0 24 25 141 78 0 0 5 11 1 47
 68 19 0 0 141 141 0 16 0 0 0 0 95 84 0 0 12 12 17 0
 0 0 4 3 130 12 1 0 0 0 0 25 33 0 0 0 29 34 0 14
 0 0 0 0 18 15 0 0
951.73 96.86 15.63 -2.970
 34 1 0 0 0 0 0 3 144 2 0 5 0 0 0 14 18 1 1 66
 20 0 0 0 0 0 0 15 14 3 0 0 93 0 0 0 0 0 1 18
 144 7 2 20 26 0 0 34 38 4 4 144 144 0 0 1 0 3 13 55
 45 14 2 0 71 0 0 0 0 0 22 70 144 13 10 82 39 0 0 71
 9 4 8 144 129 0 0 0 0 7 22 38 16 0 0 0 93 8 7 1
 0 0 5 52 82 0 0 36 144 8 0 63 0 0 0 64 136 0 0 0
 0 1 1 4 2 0 0 0
942.84 341.15 17.55 0.205
 25 8 0 1 2 2 20 37 85 4 1 0 1 9 44 104 97 0 0 72
 86 2 0 94 0 0 3 117 75 5 0 0 61 64 3 0 0 1 2 10
 140 48 4 2 15 6 12 140 46 3 0 98 140 4 3 60 0 0 2 78
 77 1 0 0 60 17 0 0 0 0 0 5 140 92 1 4 26 1 0 37
 46 18 1 26 140 50 5 9 0 0 0 4 64 76 8 0 9 0 0 0
 0 0 0 3 77 1 0 3 8 0 0 24 16 0 0 21 74 21 6 6
 0 0 0 0 50 62 8 1
942.84 341.15 17.55 -2.970
 46 52 8 1 0 0 0 0 64 22 7 4 11 0 0 16 11 0 0 19
 74 1 0 4 0 0 0 3 12 0 0 0 43 82 10 0 0 0 0 1
 142 73 8 5 30 12 1 17 47 2 0 31 142 100 1 5 0 0 0 5
 74 25 0 0 55 2 0 0 0 0 1 51 142 7 3 33 30 2 0 91
 35 6 10 142 142 43 3 4 0 1 4 13 68 73 5 0 59 4 0 0
 0 0 2 106 118 2 0 58 72 0 0 96 4 7 33 116 118 2 0 1
 1 3 28 39 24 9 1 0
939.27 137.09 15.07 -3.085
 2 1 0 0 0 0 0 0 115 8 0 0 0 0 0 0 130 21 1 19
 16 0 0 0 6 2 1 87 84 1 0 0 2 0 0 0 1 1 2 5
 130 7 0 0 0 0 2 20 130 41 4 34 43 2 0 7 6 4 3 111
 130 5 0 0 12 1 0 0 2 0 12 33 107 1 1 1 0 0 21 71
 130 11 4 58 78 3 0 45 0 1 2 130 120 1 0 0 20 19 7 0
 0 0 1 7 128 13 12 2 0 0 2 32 112 1 0 13 126 20 0 48
 0 0 0 12 130 10 0 0
845.15 108.63 14.99 3.089
 17 0 0 0 0 0 13 40 147 15 1 4 8 1 3 36 54 10 3 104
 147 7 0 3 0 0 1 45 59 1 0 0 32 25 17 4 0 0 7 20
 147 11 5 3 14 9 2 39 62 1 0 12 147 75 0 19 0 0 0 3
 96 16 0 0 39 22 9 0 0 0 0 0 147 58 8 14 11 1 0 11
 51 20 9 120 147 10 0 5 0 0 0 20 84 4 0 0 20 11 0 0
 0 0 2 15 147 41 1 10 10 2 2 30 19 14 2 53 144 19 1 4
 0 0 0 6 29 23 4 0
845.15 108.63 14.99 -0.148
 27 27 6 0 0 0 0 6 143 42 2 5 18 11 1 25 13 3 2 29
 146 51 1 8 0 0 1 14 20 13 1 0 57 9 2 0 0 0 0 8
 152 11 0 0 23 21 7 96 28 1 0 2 152 109 9 23 0 0 0 0
 51 29 12 0 55 15 1 0 0 0 0 1 152 114 0 7 27 2 0 11
 40 28 0 19 152 28 3 3 0 0 6 17 53 26 21 6 26 3 0 0
 0 0 1 10 152 29 0 0 10 3 1 65 47 7 0 10 152 29 2 16
 0 0 9 40 57 4 0 0
791.20 391.42 14.83 2.906
 29 0 0 0 0 0 0 13 123 17 0 0 0 0 0 52 103 27 0 3
 105 8 0 7 0 0 0 5 123 21 0 0 39 13 0 0 0 0 0 3
 99 117 0 0 0 0 0 9 123 84 0 1 68 26 1 14 2 0 0 2
 123 98 1 2 32 6 0 0 0 0 0 15 100 21 0 0 0 0 2 54
 123 11 0 7 14 31 5 80 9 0 0 26 117 123 3 9 21 16 0 0
 0 0 0 1 123 28 0 0 0 0 0 20 123 7 3 40 23 0 0 29
 4 1 2 123 82 7 0 0
791.69 320.04 16.05 0.126
 5 0 0 0 4 0 0 6 72 8 0 0 0 0 6 57 76 5 0 2
 2 0 56 126 17 0 0 74 63 2 18 85 5 0 0 0 0 0 5 9
 126 43 0 0 0 0 2 13 126 82 9 44 20 0 5 45 7 5 8 126
 109 1 3 8 4 7 1 0 0 0 7 7 120 6 0 0 0 0 5 59
 126 16 2 23 69 5 0 84 2 1 3 59 126 35 0 0 11 4 1 0
 0 1 24 32 121 1 0 0 0 3 27 90 104 0 0 50 88 3 0 68
 0 0 0 101 84 8 0 0
776.67 153.36 16.66 2.932
 15 21 9 1 2 2 1 3 118 57 19 4 0 0 0 2 118 59 7 30
 118 34 0 5 0 0 0 17 118 23 0 0 3 6 3 8 3 3 1 0
 101 66 3 0 0 0 0 11 118 103 8 41 103 16 0 11 0 0 0 19
 118 46 7 0 9 2 0 5 5 0 0 4 86 17 0 0 0 0 4 98
 118 18 0 0 43 55 13 92 2 1 0 10 118 111 4 2 6 5 0 2
 6 0 0 0 51 96 9 0 0 0 0 12 52 118 33 2 15 14 2 16
 3 39 9 9 118 74 1 0
637.95 415.92 14.13 2.581
 69 58 2 0 0 0 0 0 143 68 1 5 33 6 0 0 9 3 0 19
 143 76 1 0 0 0 0 11 47 53 1 0 104 26 0 0 0 0 0 0
 143 24 0 1 27 5 0 3 29 1 0 36 143 27 0 2 0 0 0 44
 79 25 7 0 109 9 0 0 0 0 0 2 143 14 0 23 26 0 0 9
 25 9 1 100 143 8 4 2 7 7 4 12 38 50 43 7 93 0 0 0
 0 0 0 16 143 1 0 27 45 0 0 30 8 12 4 81 119 0 0 0
 5 22 21 39 13 3 1 1
637.95 415.92 14.13 -0.723
 24 0 0 0 0 19 19 28 142 1 0 0 26 7 2 38 24 0 0 2
 142 21 0 6 0 0 0 0 55 8 0 0 35 28 33 11 10 21 12 21
 142 13 2 1 30 18 2 66 24 0 0 0 142 79 0 11 0 0 0 0
 76 34 0 0 64 41 34 2 0 0 0 16 142 63 2 0 18 4 0 19
 34 15 0 0 142 89 0 1 0 0 0 0 96 66 0 0 51 38 3 0
 0 0 0 11 122 119 7 0 2 0 0 9 62 33 0 0 97 84 1 3
 0 0 0 0 76 102 4 0
559.04 174.55 15.42 2.835
 7 1 0 0 0 0 0 10 17 14 2 0 0 0 28 41 136 46 1 0
 3 3 11 100 37 4 0 4 83 50 9 27 18 14 0 0 0 0 0 4
 73 60 12 0 0 0 11 26 136 24 3 0 21 17 14 136 24 3 2 53
 136 49 9 40 4 5 0 0 0 0 0 0 119 29 4 0 0 0 0 20
 136 136 50 5 17 5 0 27 26 69 37 29 136 88 20 4 2 1 0 0
 0 0 0 0 35 39 12 0 0 0 0 3 80 106 67 0 0 0 0 3
 136 63 10 21 27 20 11 3
527.13 460.30 17.28 -0.500
 29 12 0 0 0 0 18 62 77 79 21 2 2 8 33 64 57 69 19 20
 88 6 4 8 0 0 0 57 120 21 0 0 25 57 53 0 0 0 12 54
 37 65 120 39 7 10 25 36 120 61 23 24 92 8 2 3 3 1 0 48
 120 30 0 0 16 18 27 0 0 1 4 36 60 16 42 5 1 17 19 50
 120 13 6 31 102 1 1 62 3 0 0 72 120 0 0 0 46 25 7 1
 1 3 7 44 67 11 10 4 13 29 15 75 89 0 0 29 120 4 0 85
 0 0 0 31 120 0 0 0
523.55 93.94 16.28 -0.198
 17 0 0 0 0 0 0 21 84 14 3 0 0 0 7 120 67 15 4 24
 120 13 1 57 0 0 0 23 101 28 14 0 47 15 1 0 0 0 0 8
 82 120 62 0 0 0 1 44 118 85 25 2 60 76 23 30 4 0 0 10
 106 120 38 3 22 10 0 0 0 0 0 2 102 25 11 0 0 0 6 90
 120 38 9 40 30 14 11 69 13 7 5 97 120 38 6 2 25 2 0 0
 0 0 0 1 120 30 0 0 0 0 0 18 81 26 7 62 40 3 0 17
 1 1 14 100 67 8 0 0
397.97 620.48 16.41 2.921
 3 0 0 0 0 0 0 7 56 4 0 0 0 0 1 75 84 8 0 0
 0 0 21 138 74 0 9 26 23 23 5 117 18 1 0 0 0 0 1 18
 96 39 0 0 0 0 5 33 138 82 4 16 3 0 1 51 60 8 41 138
 48 1 0 27 34 12 0 0 0 0 0 2 84 26 2 0 0 0 8 22
 138 16 3 28 36 0 0 53 19 3 7 134 138 5 0 2 8 8 0 0
 0 0 3 8 102 24 1 0 0 0 2 26 138 4 0 16 62 12 4 65
 3 0 4 64 138 12 0 1
392.86 530.14 16.15 -1.041
 26 58 13 1 0 0 0 2 77 116 3 0 2 23 1 3 26 35 0 0
 21 116 17 3 0 0 0 1 9 102 47 0 27 30 2 0 0 0 0 2
 98 116 18 0 0 0 0 16 116 75 0 0 15 76 16 23 7 0 0 5
 111 116 26 1 18 9 0 0 0 0 0 14 116 45 5 0 0 0 0 114
 116 54 48 7 10 9 0 105 11 24 23 5 116 104 0 0 12 14 1 0
 0 0 0 2 52 100 15 0 0 0 0 19 49 95 78 12 2 3 11 42
 14 90 29 9 20 36 5 3
384.00 188.66 14.86 2.731
 2 6 3 0 0 0 0 0 95 13 6 0 0 0 0 7 149 11 0 3
 33 25 3 27 3 0 0 12 126 70 2 3 4 1 0 0 0 0 0 0
 124 17 0 0 0 0 0 6 149 16 0 0 24 29 5 36 23 0 0 0
 149 118 4 10 5 0 0 0 0 0 0 0 116 14 0 0 0 0 0 20
 149 86 3 5 23 2 0 23 30 21 5 20 149 19 0 1 3 0 0 0
 0 0 0 0 46 32 0 0 0 0 0 1 118 129 4 3 3 0 0 18
 24 29 6 18 149 18 2 10
370.52 150.93 15.00 -0.240
 28 0 0 0 0 0 0 4 149 2 0 2 5 7 4 60 32 2 2 35
 117 79 6 19 0 0 0 11 65 25 0 0 56 0 0 0 0 0 0 6
 149 6 0 4 15 6 2 76 50 2 0 62 149 52 3 22 0 0 0 38
 105 14 0 0 61 6 0 0 0 0 0 0 149 71 4 17 15 0 0 5
 34 21 5 97 149 0 0 0 0 0 0 20 91 0 0 0 26 2 0 0
 0 0 0 23 149 32 1 8 13 0 0 41 19 9 2 61 149 2 0 2
 0 0 0 12 45 3 2 0
317.73 570.19 15.35 -0.363
 22 37 7 0 0 0 0 4 87 59 33 0 0 0 6 12 132 51 6 24
 64 5 2 37 2 2 3 55 132 5 0 2 6 13 2 0 0 0 0 2
 111 53 6 0 0 0 1 20 132 92 9 35 58 4 0 10 2 3 3 48
 132 13 0 0 22 2 0 0 0 0 0 10 97 12 0 0 0 0 4 83
 132 3 0 2 70 9 2 58 6 0 1 7 132 20 1 1 13 2 0 0
 0 0 20 28 88 20 0 0 0 0 28 86 117 2 0 2 60 20 8 115
 1 0 0 4 132 65 1 2
271.40 625.83 16.09 2.645
 69 34 6 0 0 0 1 2 142 47 0 3 79 11 0 3 1 1 0 36
 142 36 0 0 0 0 0 16 18 7 0 0 91 23 2 0 0 0 4 9
 142 20 0 0 40 45 10 60 12 0 0 1 142 142 16 12 0 0 0 0
 18 55 34 0 75 9 0 0 0 0 11 34 142 55 4 20 41 6 1 31
 23 13 8 75 142 38 7 3 0 0 20 42 35 25 17 1 45 55 0 0
 0 0 0 12 127 75 6 27 18 0 0 15 8 10 6 85 123 9 2 1
 1 0 6 16 19 26 27 4
271.40 625.83 16.09 -0.338
 16 25 15 1 0 0 15 21 92 9 4 1 4 4 8 112 22 0 1 22
 123 41 9 53 0 0 0 20 66 48 0 0 40 37 21 0 0 0 21 29
 146 22 6 5 28 8 10 120 31 3 2 66 146 22 5 33 0 0 12 47
 67 11 0 0 45 52 17 0 0 0 0 3 146 110 12 28 26 0 0 7
 24 19 9 115 146 4 0 1 0 0 12 23 58 6 0 0 35 4 0 0
 0 0 2 40 146 14 0 3 26 4 2 51 21 2 0 14 146 18 1 4
 0 0 1 2 36 28 4 0
254.55 192.42 14.88 -0.337
 48 50 1 3 0 0 0 0 117 81 0 6 47 10 1 4 8 18 18 11
 87 29 10 5 2 9 28 45 37 26 12 3 79 9 3 4 0 0 0 0
 140 13 0 3 20 36 7 45 15 4 11 27 140 140 6 12 0 1 20 44
 56 13 0 0 84 5 0 0 0 0 0 0 140 47 8 30 21 5 0 10
 19 10 6 138 140 29 0 3 0 0 0 21 71 6 0 0 64 0 0 0
 0 0 0 2 140 5 1 3 15 22 7 44 14 0 0 14 133 126 6 10
 0 0 0 3 56 30 0 0
225.59 230.40 14.46 -3.119
 1 0 0 0 0 0 1 6 37 0 0 0 0 0 1 56 82 3 0 1
 4 2 10 124 26 5 3 65 105 8 13 58 17 0 0 0 0 1 29 60
 82 6 0 0 1 24 74 62 124 64 6 36 20 4 7 83 9 9 5 124
 124 3 4 13 78 64 6 0 0 1 9 36 47 46 24 10 20 42 33 39
 124 19 4 36 63 11 3 59 2 3 2 96 124 4 0 1 6 59 4 0
 0 0 0 0 73 116 14 2 0 0 0 8 107 37 2 6 82 28 4 36
 0 0 0 8 124 31 0 1
198.36 709.86 15.85 2.304
 24 17 1 0 0 0 4 18 123 123 2 0 0 0 1 18 56 108 14 27
 123 20 0 0 1 0 1 17 113 35 10 4 9 52 5 0 0 0 0 1
 59 123 32 0 0 0 0 7 97 123 18 15 65 21 4 19 4 10 8 18
 116 55 5 6 5 9 0 0 0 0 0 0 102 32 6 0 0 0 0 19
 123 51 4 6 29 29 8 68 12 7 4 26 123 99 5 8 5 0 0 0
 0 0 0 0 79 20 0 0 0 0 0 10 123 97 5 8 14 2 0 19
 15 15 4 32 123 26 0 3
153.11 657.13 15.42 -0.533
 10 9 1 0 0 0 0 8 41 8 5 0 0 0 3 54 122 2 0 3
 14 10 7 122 17 0 0 48 122 29 4 13 14 0 0 0 0 3 31 75
 91 13 0 0 3 21 36 43 122 53 10 42 35 8 5 67 8 4 4 122
 122 18 2 7 56 43 26 6 3 4 11 39 57 20 25 13 16 25 17 34
 122 26 5 26 47 26 8 75 1 2 2 57 122 90 3 1 16 25 17 0
 0 0 6 23 101 22 15 1 0 0 12 56 122 2 0 0 62 42 10 100
 0 0 0 26 122 61 3 2
984.12 325.12 12.70 0.263
 21 34 3 0 0 0 0 0 109 54 19 2 2 1 1 55 92 13 1 9
 34 4 15 137 11 0 0 90 137 2 3 14 23 3 0 0 0 0 0 4
 137 82 0 0 0 0 0 21 137 129 2 13 88 2 2 41 3 3 0 36
 137 17 1 1 9 0 0 0 0 0 0 11 128 9 0 0 0 0 0 96
 137 12 0 46 75 0 0 105 11 4 1 61 137 39 17 5 0 0 0 0
 0 0 0 0 10 0 0 0 0 0 0 11 16 0 0 22 18 0 0 13
 15 6 1 29 20 2 2 2
936.57 131.91 12.64 -3.095
 2 2 0 0 0 0 0 0 126 11 0 0 0 0 0 0 133 24 1 16
 17 2 0 0 8 2 1 118 82 10 0 0 2 0 0 0 0 0 1 3
 133 9 0 0 0 0 0 11 133 46 4 22 24 8 0 6 11 5 3 99
 133 39 0 0 3 0 0 0 0 1 21 34 101 1 0 0 1 2 20 59
 133 13 4 50 62 0 0 53 2 2 3 133 106 0 0 0 19 16 12 7
 2 1 7 19 110 4 8 13 6 3 6 25 133 0 0 6 108 18 3 38
 0 0 0 12 133 15 0 0
905.99 319.36 11.75 -0.229
 3 4 9 1 0 0 4 5 128 27 1 0 0 0 2 5 128 14 0 1
 72 25 0 6 0 0 0 45 128 18 0 0 25 2 1 0 0 6 42 56
 128 20 0 1 3 21 48 26 128 64 1 0 72 22 1 13 2 1 0 5
 128 64 0 0 47 54 34 4 1 3 6 16 91 34 41 16 8 15 10 25
 128 39 3 0 28 23 4 79 4 3 1 0 128 128 2 5 2 26 19 0
 0 0 0 0 57 92 18 0 0 0 0 1 73 128 31 0 4 3 0 5
 19 45 8 1 69 88 0 0
885.96 380.92 12.75 2.973
 4 16 11 0 0 0 0 0 134 97 4 0 0 0 0 0 135 86 3 28
 41 20 4 1 2 3 2 51 129 35 8 2 10 0 0 0 0 0 0 3
 135 25 0 0 0 0 0 22 135 52 1 9 68 19 1 5 6 9 11 26
 135 31 1 1 21 0 0 0 0 0 0 18 105 3 0 0 0 0 0 113
 135 32 0 6 60 2 0 39 8 4 1 13 135 16 0 0 31 8 0 0
 0 0 0 6 72 70 5 0 0 0 0 19 111 70 4 2 34 1 0 8
 11 3 0 8 135 14 0 0
882.69 347.01 13.38 3.055
 53 51 13 0 0 0 0 0 150 100 1 8 9 19 3 1 17 8 1 60
 136 100 6 1 1 0 0 6 51 50 30 3 72 6 0 0 0 0 0 13
 150 34 1 8 27 5 0 8 38 12 6 71 150 24 2 2 8 28 39 33
 41 16 19 7 49 0 0 0 0 0 0 86 150 13 0 7 29 1 0 70
 37 7 3 44 150 9 0 0 0 6 32 23 50 5 3 0 57 41 1 0
 0 0 0 23 121 54 2 4 25 0 0 19 22 4 0 27 150 4 0 0
 0 0 3 9 35 6 3 0
882.69 347.01 13.38 -0.128
 35 6 2 0 0 0 4 10 148 10 0 0 22 5 0 17 24 0 0 15
 116 64 3 2 0 0 0 20 56 43 2 0 46 7 5 0 0 2 23 17
 148 14 0 0 29 8 3 29 36 2 0 59 148 21 0 6 0 0 0 83
 58 1 0 0 37 12 14 5 6 26 49 37 148 32 2 2 25 14 9 55
 38 9 1 6 148 48 1 10 0 0 0 12 85 11 0 0 37 47 38 4
 2 1 0 4 148 86 8 1 9 6 1 60 17 24 4 1 148 102 2 13
 0 0 0 0 66 64 12 0
874.63 138.45 12.62 3.038
 1 0 0 0 0 0 2 9 80 11 0 0 0 0 5 27 150 52 4 24
 29 1 0 17 8 6 3 120 132 4 0 0 23 4 1 1 0 0 11 48
 69 10 3 10 10 8 29 40 150 25 0 3 65 15 2 21 12 0 0 12
 150 57 1 2 25 33 16 3 0 0 1 7 86 17 31 30 7 1 1 6
 150 18 1 8 39 18 4 35 20 2 0 25 150 70 2 5 4 6 2 1
 0 1 0 3 63 17 5 0 0 0 0 4 150 75 5 26 27 0 0 1
 10 9 3 81 150 1 0 0
795.97 385.98 12.19 2.932
 48 3 0 0 0 0 0 30 115 24 0 0 0 0 0 63 86 27 0 3
 119 9 0 4 0 0 0 3 123 22 0 0 43 37 1 0 0 0 0 4
 78 123 19 0 0 0 0 5 123 67 2 2 102 20 1 7 0 0 0 5
 123 61 0 0 21 7 0 0 0 0 7 29 123 21 2 0 0 2 9 43
 123 9 0 1 24 52 9 78 2 0 0 2 103 123 4 4 23 32 2 0
 0 1 3 9 121 11 1 0 0 2 5 49 123 4 2 40 16 4 0 45
 2 0 6 110 80 28 0 0
792.17 324.80 14.16 0.125
 8 0 0 0 0 0 0 8 89 22 0 0 0 0 8 46 88 11 0 3
 3 0 68 122 8 0 0 85 67 1 20 80 5 2 0 0 0 0 6 5
 119 59 0 0 0 0 3 8 122 100 6 47 23 0 2 30 6 8 6 122
 111 0 1 4 1 6 5 0 0 0 14 4 112 7 1 0 0 0 8 61
 122 14 1 26 81 6 0 91 1 1 1 55 122 55 0 0 4 5 4 0
 0 6 25 19 122 3 1 0 0 5 10 79 106 0 1 41 96 4 0 63
 0 0 6 80 70 19 0 0
755.83 398.27 12.17 2.737
 30 41 5 0 0 0 0 1 46 112 40 0 0 0 0 1 125 80 5 0
 39 43 6 7 3 0 0 0 58 144 11 2 30 10 0 0 0 0 2 21
 95 18 4 0 0 1 13 27 144 24 0 2 3 16 7 20 31 3 0 30
 81 144 12 7 30 36 4 0 0 0 1 8 79 51 11 0 0 2 7 17
 144 40 1 11 11 0 0 13 33 10 2 139 133 3 0 0 9 12 1 0
 0 0 0 0 86 37 2 0 0 0 0 8 144 42 0 3 16 1 0 17
 24 5 0 23 144 33 2 2
732.73 91.05 12.10 0.180
 3 0 0 0 0 0 0 2 106 1 0 0 0 0 0 25 133 1 0 0
 37 41 9 91 2 0 0 0 125 121 6 6 3 0 0 0 0 0 8 22
 133 4 0 0 0 0 14 31 133 41 3 20 43 16 1 26 7 4 8 49
 116 110 5 1 22 16 4 0 0 0 6 20 113 14 8 0 0 3 17 32
 133 25 8 71 36 0 0 23 2 7 50 133 62 1 0 0 7 17 4 0
 0 0 0 4 106 14 6 0 0 0 1 87 83 4 2 47 103 10 6 60
 0 0 17 69 75 2 0 0
710.55 381.70 10.88 2.866
 46 2 0 0 0 2 10 21 133 1 0 1 0 4 2 47 33 1 0 24
 72 96 5 12 0 0 0 14 75 103 0 0 81 26 3 0 0 1 2 20
 133 10 1 14 7 0 0 39 29 4 4 133 87 1 0 1 0 0 12 133
 51 6 0 0 121 19 0 0 0 0 0 22 133 18 0 13 34 1 0 29
 11 2 1 88 133 26 1 1 0 0 4 48 40 45 4 0 116 1 0 0
 0 0 0 39 123 0 0 12 49 2 0 67 2 0 8 57 128 25 2 1
 0 0 10 32 36 42 4 0
710.55 381.70 10.88 -0.614
 88 19 2 0 0 0 4 52 111 34 0 2 80 5 0 4 0 0 0 1
 125 36 0 0 0 0 0 0 51 17 0 0 53 84 37 0 0 0 0 10
 125 80 2 1 38 22 0 4 9 1 0 0 125 125 0 1 0 0 0 0
 47 67 8 0 79 18 5 0 0 0 0 73 125 11 0 0 11 13 1 82
 20 0 0 0 125 105 1 9 0 0 5 7 90 32 5 0 71 42 3 0
 0 0 0 38 99 104 12 0 3 2 0 34 10 25 14 7 125 58 0 3
 0 0 1 3 107 52 2 0
637.70 415.90 14.15 2.574
 63 45 4 0 0 0 0 1 143 62 0 2 47 13 0 2 10 2 1 24
 134 80 17 0 0 0 1 22 36 40 11 0 86 23 0 0 0 0 0 1
 143 23 0 5 42 8 0 5 29 1 3 58 143 38 3 2 0 0 3 45
 40 26 21 1 93 8 0 0 0 0 0 3 143 8 1 33 49 0 0 19
 32 13 3 115 143 9 5 7 20 18 11 20 29 45 51 19 82 1 0 0
 0 0 0 18 143 1 0 32 79 0 0 38 14 14 3 63 132 0 0 1
 12 22 21 38 17 0 0 1
637.70 415.90 14.15 -0.680
 20 0 0 0 11 25 19 28 145 1 0 0 22 11 2 43 55 0 0 9
 145 9 0 12 0 0 0 2 56 5 0 0 30 36 49 23 23 27 14 22
 145 17 4 5 36 17 3 83 47 2 0 0 145 48 1 19 0 0 0 0
 73 24 0 0 37 30 33 3 0 0 0 33 145 70 5 1 18 3 1 49
 52 21 0 1 145 69 0 2 0 0 0 0 91 47 0 0 37 33 9 0
 0 0 0 18 105 97 31 0 2 0 0 24 76 37 0 0 116 84 0 3
 0 0 0 0 73 79 7 0
600.71 450.06 11.73 2.512
 48 20 0 0 0 0 0 0 155 34 0 2 3 0 0 0 61 9 1 50
 155 22 0 0 5 1 0 19 75 26 24 9 63 10 0 0 0 0 0 0
 155 12 0 6 12 0 0 7 62 6 1 94 155 0 0 1 33 42 10 30
 47 2 8 11 68 1 0 0 0 0 0 10 155 2 0 8 28 0 0 40
 38 2 0 74 155 1 0 3 15 24 10 19 38 0 0 1 66 1 0 0
 0 0 0 14 155 15 0 1 35 2 0 25 17 3 0 10 155 23 1 2
 0 9 7 5 26 7 21 11
600.71 450.06 11.73 -0.820
 38 29 18 29 1 2 4 1 148 76 0 0 36 14 0 0 12 4 0 0
 148 46 0 0 0 0 0 0 48 3 0 0 43 2 0 0 8 19 15 10
 148 19 0 0 31 8 0 12 35 2 0 0 148 54 0 2 0 0 0 0
 66 19 0 0 29 2 2 6 22 58 21 17 148 11 0 0 18 14 2 29
 47 1 0 0 148 91 0 7 0 0 0 0 83 46 0 0 17 21 47 26
 14 10 2 5 148 58 3 1 6 5 1 26 42 17 0 0 148 86 0 7
 0 0 0 0 79 69 0 0
592.52 414.17 13.24 -0.854
 9 4 53 22 0 2 6 8 81 31 9 14 1 9 12 6 135 50 0 0
 88 20 0 2 1 0 0 0 135 32 0 0 56 2 0 0 1 6 12 42
 84 5 0 0 17 49 22 19 135 19 0 0 72 28 1 11 8 0 0 0
 135 82 0 1 73 55 24 5 2 5 8 37 52 29 48 37 32 45 15 20
 135 51 2 1 38 27 2 37 16 5 0 0 135 119 0 4 4 33 22 1
 0 0 0 0 41 31 43 9 0 0 0 22 135 102 4 0 8 3 0 26
 27 33 0 0 110 80 0 0
567.14 165.08 12.96 2.719
 4 1 0 0 0 0 8 18 37 22 0 0 0 2 29 28 134 34 0 1
 15 5 5 67 12 0 0 16 84 34 11 9 29 23 9 0 0 0 6 20
 81 22 29 5 1 7 26 34 134 7 0 0 39 40 14 134 8 0 17 41
 134 79 9 13 4 18 9 0 0 0 0 0 128 38 21 0 0 0 0 16
 134 134 45 8 30 23 4 35 9 42 39 26 134 134 11 4 6 1 0 0
 0 0 0 0 68 27 8 2 0 0 0 21 44 108 76 31 0 0 0 9
 78 101 34 8 21 33 13 2
559.28 487.67 12.27 2.506
 35 4 0 0 0 0 0 1 153 6 0 3 8 0 0 14 69 3 0 64
 153 0 0 2 20 31 9 22 48 0 0 2 56 0 0 0 0 0 0 10
 153 5 0 2 26 1 0 51 53 2 1 43 153 10 0 8 6 20 14 18
 50 2 4 2 52 0 0 0 0 0 0 38 153 39 0 0 19 2 0 34
 52 13 0 1 153 81 6 5 6 2 2 1 38 31 78 69 41 27 3 0
 0 0 0 27 141 69 6 0 1 1 0 28 74 19 0 0 115 68 4 5
 24 33 29 10 35 24 25 44
559.28 487.67 12.27 -0.598
 28 19 30 45 24 34 31 12 130 62 4 7 65 14 0 1 3 2 0 24
 149 66 5 0 0 0 0 26 40 34 3 0 35 27 85 64 5 2 2 1
 149 71 7 7 46 9 0 2 23 3 0 39 149 30 0 0 0 0 0 48
 52 0 0 0 47 2 3 2 6 21 13 20 149 5 0 10 49 2 1 52
 27 1 0 65 149 4 0 3 0 0 0 14 54 0 0 0 50 0 0 2
 21 29 8 26 149 0 0 6 74 2 0 73 5 0 0 27 149 3 0 3
 0 0 0 2 31 2 0 0
542.24 136.52 12.79 2.867
 8 3 3 0 0 6 30 19 110 4 0 0 4 4 9 118 36 1 1 26
 74 16 6 42 0 0 2 21 84 35 2 0 54 26 25 1 0 1 2 11
 129 18 3 1 22 21 10 129 22 4 18 36 129 70 10 35 0 0 34 80
 60 16 3 0 75 9 2 0 0 0 0 36 129 129 45 10 14 4 0 30
 20 76 42 31 129 88 9 4 0 0 4 14 50 63 81 9 28 28 16 3
 0 0 0 9 49 73 56 19 0 0 0 4 129 67 12 10 22 35 11 4
 2 0 13 65 36 39 52 5
542.24 136.52 12.79 -0.110
 37 51 59 0 0 0 20 54 34 51 17 17 111 28 7 24 0 0 0 13
 112 63 39 7 0 0 0 3 16 30 25 3 57 48 60 1 0 0 14 23
 133 50 9 4 26 72 29 48 13 1 0 37 133 133 38 13 0 0 0 61
 57 11 6 1 66 13 1 0 0 2 53 75 133 36 13 61 25 6 18 47
 17 11 9 133 133 21 4 2 0 0 0 23 50 25 11 0 72 27 2 0
 0 0 1 43 46 9 6 109 43 0 0 28 1 9 17 133 53 2 2 0
 0 7 18 14 13 15 8 0
501.91 548.66 12.22 2.665
 21 2 0 0 0 0 0 20 91 13 0 0 0 0 7 90 129 9 0 4
 74 13 1 33 5 0 0 5 129 43 25 21 30 20 0 0 0 0 0 5
 111 106 8 0 0 0 0 26 129 38 0 1 82 13 0 17 21 26 10 9
 129 36 15 19 23 1 0 0 0 0 0 38 104 9 0 0 0 0 8 127
 129 3 0 1 43 27 2 64 8 7 7 6 77 92 80 10 59 7 0 0
 0 0 0 50 72 13 3 0 0 1 21 98 129 1 0 19 34 3 3 51
 5 7 61 76 54 9 9 4
497.52 152.73 12.31 -2.986
 9 0 0 0 0 0 3 28 93 12 0 0 0 0 7 113 105 29 5 30
 62 8 16 113 0 5 25 82 100 6 5 6 36 27 7 0 0 0 1 18
 79 83 46 2 0 0 4 32 113 113 24 54 76 9 1 14 0 1 17 68
 113 42 16 0 5 15 5 0 0 0 0 9 101 22 20 0 0 0 0 92
 113 12 8 36 28 24 5 95 0 0 34 39 45 88 43 0 20 0 0 0
 0 0 0 48 59 0 0 2 7 1 2 113 35 0 13 113 79 1 1 52
 0 0 82 87 16 1 0 0
492.32 418.22 12.64 0.848
 2 0 0 0 0 0 2 3 36 4 0 0 0 0 17 45 14 3 0 0
 4 76 57 23 0 0 0 0 5 44 4 4 2 0 0 0 0 35 46 2
 103 29 0 0 0 5 16 16 120 21 0 0 12 115 40 62 2 0 0 0
 27 120 33 33 0 0 12 30 34 76 53 1 74 18 2 12 23 29 24 9
 120 120 18 13 21 39 18 52 45 24 16 37 103 119 27 45 0 0 16 30
 8 24 120 0 9 8 2 14 13 16 120 29 48 85 17 7 2 0 117 119
 17 17 28 27 15 3 112 88
479.67 456.28 11.54 1.084
 31 2 0 0 0 6 7 9 84 5 0 0 7 27 15 38 2 0 0 0
 58 96 9 5 0 0 0 0 6 10 9 17 40 3 1 7 12 20 8 15
 122 18 1 2 11 30 21 121 12 3 1 8 122 122 33 33 3 0 0 0
 11 31 99 89 33 9 1 13 7 14 64 10 122 116 24 15 8 3 37 38
 41 26 28 77 88 29 40 34 103 9 1 5 16 19 59 110 1 5 27 2
 0 28 122 8 10 12 37 2 0 3 122 62 8 5 53 7 2 7 122 38
 29 12 43 1 3 4 57 59
479.67 456.28 11.54 -1.745
 33 30 38 50 37 6 4 18 1 42 120 53 24 13 16 8 0 56 120 7
 3 31 42 2 0 51 98 2 0 49 63 0 24 47 120 86 23 0 0 3
 100 25 32 52 30 17 32 94 7 17 73 39 120 66 29 23 0 91 120 15
 28 1 1 2 57 27 57 11 0 0 0 0 120 92 35 52 13 2 2 14
 9 12 21 120 120 10 2 4 13 13 4 16 28 1 8 22 47 14 2 0
 0 0 0 0 78 48 16 34 18 0 0 0 1 5 8 82 57 0 0 0
 13 39 6 5 2 0 0 2
470.54 496.91 12.47 -0.272
 52 21 0 0 0 0 4 15 78 23 6 1 0 8 86 87 39 4 6 7
 7 15 77 104 17 0 2 60 76 3 1 30 43 14 0 0 0 2 82 52
 87 110 59 1 2 24 39 23 107 69 43 27 33 5 5 16 9 2 10 110
 110 0 0 2 24 78 51 7 2 8 70 50 47 22 56 45 38 60 44 21
 110 14 4 28 75 4 1 39 3 0 1 64 110 24 0 0 2 49 65 4
 0 4 4 4 99 24 73 22 2 1 0 20 110 8 2 37 71 0 0 23
 0 0 9 63 80 17 0 0
446.66 463.75 12.72 -1.635
 108 91 12 2 0 0 0 19 74 77 36 31 20 11 7 37 0 44 113 41
 16 56 30 1 0 43 62 1 1 75 74 2 108 65 32 2 0 0 0 15
 51 89 113 84 22 1 1 13 56 33 64 75 35 16 34 78 2 56 113 24
 67 30 19 11 7 22 47 9 0 0 0 0 92 31 79 9 0 0 0 3
 113 58 39 70 24 7 8 37 4 5 16 113 113 12 5 6 1 3 5 0
 0 0 0 0 78 18 2 0 0 0 0 2 66 33 24 64 22 0 0 1
 4 9 7 67 21 0 0 1
444.06 104.17 12.18 -0.443
 10 5 0 0 0 0 0 0 119 119 0 0 0 0 0 0 87 109 9 26
 119 6 0 0 0 0 0 14 119 26 0 0 5 1 0 0 0 0 0 1
 118 62 0 0 0 0 0 23 119 93 3 10 84 13 0 15 2 0 0 15
 119 30 0 0 17 0 0 0 0 0 0 13 84 8 4 1 0 0 7 119
 117 28 25 6 41 16 6 90 5 7 3 1 119 105 16 4 29 4 0 0
 0 0 0 2 74 56 46 10 0 0 0 21 28 82 104 24 2 1 1 8
 64 57 6 1 13 64 46 13
430.40 499.96 11.63 -0.165
 12 1 0 0 0 1 14 21 5 1 0 0 0 8 74 20 29 13 0 0
 0 2 60 65 53 3 0 1 8 3 6 112 60 19 0 0 0 0 3 11
 112 18 2 0 0 7 88 112 23 5 5 2 2 43 112 112 33 0 0 46
 38 2 13 112 38 5 0 0 0 2 101 40 112 112 37 0 1 18 39 30
 89 88 58 11 7 13 14 24 26 4 4 112 81 0 1 16 23 60 26 4
 2 10 77 38 21 19 33 26 34 65 46 17 112 21 6 19 26 6 1 54
 13 1 2 105 112 2 0 2
430.40 499.96 11.63 -1.630
 8 116 38 5 0 0 3 1 21 116 15 0 0 45 24 3 2 22 16 1
 6 116 55 0 0 0 4 0 9 116 74 1 72 50 22 9 0 0 0 7
 116 112 13 5 5 1 2 64 13 34 94 75 40 17 8 14 0 66 112 13
 3 47 36 1 76 21 6 0 0 0 0 15 86 116 116 18 3 0 0 11
 34 28 116 116 34 0 4 27 20 33 40 18 29 24 38 50 10 21 18 2
 0 0 0 1 7 15 68 12 0 0 0 0 116 35 36 3 0 0 0 14
 57 19 20 72 45 11 8 21
414.98 563.14 12.34 -0.822
 73 58 1 0 0 0 3 21 66 65 0 0 54 74 1 1 1 0 2 1
 74 127 8 0 0 1 4 3 4 28 15 0 52 55 27 0 0 0 1 8
 127 47 2 0 15 39 7 21 19 0 0 0 89 127 33 8 0 0 0 6
 43 94 48 0 45 13 4 0 0 0 20 116 127 17 0 0 14 7 25 87
 43 7 2 11 127 65 3 3 0 0 5 68 103 15 3 0 75 63 11 1
 0 0 14 75 42 55 54 30 5 4 30 48 20 55 11 6 127 51 0 1
 0 0 0 24 116 45 3 0
403.54 530.34 12.84 -0.923
 35 17 2 0 0 0 1 28 79 100 9 0 1 2 2 16 66 49 0 0
 37 121 7 7 0 0 0 0 16 121 44 0 16 41 13 0 0 0 0 6
 106 67 32 0 0 0 1 31 121 51 0 0 31 49 7 24 7 2 2 11
 104 98 19 2 17 7 0 0 0 0 8 48 95 23 2 0 0 0 25 121
 121 44 14 13 17 12 35 97 14 23 5 10 121 86 0 0 17 34 9 0
 0 0 0 8 69 121 36 3 0 0 3 29 21 86 104 55 3 4 17 17
 30 91 16 4 52 51 1 0
354.76 597.59 11.78 2.841
 38 64 0 0 0 1 1 1 143 71 5 8 2 0 0 12 49 12 9 143
 91 1 0 9 0 1 48 97 50 10 0 0 59 7 1 1 1 10 8 12
 143 14 1 7 27 1 0 41 27 4 5 79 143 6 1 5 0 0 10 25
 56 45 4 0 81 13 11 2 1 1 0 5 143 27 1 9 37 0 0 12
 19 6 9 59 143 2 0 1 0 0 35 53 37 2 0 0 87 4 0 0
 0 0 0 14 143 5 0 1 22 15 7 81 8 1 0 7 143 62 5 10
 0 0 1 5 45 17 0 0
354.76 597.59 11.78 -0.438
 83 56 2 0 0 0 0 0 135 104 12 31 44 4 0 0 1 2 3 41
 141 20 0 0 0 0 0 1 44 15 3 0 73 11 0 0 0 0 18 42
 141 23 0 0 37 20 3 16 16 1 0 1 141 67 1 2 1 3 2 1
 46 18 15 4 53 34 6 0 0 0 16 29 141 16 1 2 32 6 4 29
 24 3 0 7 141 40 1 4 1 8 10 5 55 16 0 0 53 26 3 0
 0 0 17 50 141 3 0 1 26 13 7 130 7 0 0 5 141 95 8 14
 0 0 0 0 33 89 7 0
339.96 128.61 12.31 -0.400
 2 0 0 0 0 0 0 0 120 13 0 0 0 0 0 0 145 24 2 15
 39 33 5 15 0 0 0 16 72 82 4 1 2 0 0 0 0 0 0 0
 145 6 0 0 0 0 0 0 145 6 0 0 29 44 9 28 9 0 0 17
 145 114 6 3 1 0 0 0 0 0 0 0 130 17 0 0 0 0 0 0
 145 71 2 6 44 2 0 1 15 8 1 24 145 13 0 0 1 0 0 0
 0 0 0 0 47 21 0 0 0 0 0 0 145 121 3 7 12 0 0 0
 13 20 3 23 145 10 0 0
334.61 572.29 11.39 -0.449
 4 21 17 1 0 0 0 0 134 96 4 0 0 0 0 0 116 114 18 46
 59 2 0 0 0 0 1 40 134 11 0 0 7 5 0 0 0 0 2 16
 130 32 0 0 0 0 13 35 134 37 1 2 48 25 2 11 5 0 0 1
 134 59 0 1 44 12 0 0 0 0 3 28 78 22 5 0 0 0 33 56
 134 19 0 2 40 8 3 18 14 2 0 4 134 31 0 1 19 22 0 0
 0 0 10 7 74 51 8 0 0 0 4 34 134 6 0 0 25 14 5 98
 6 0 0 1 134 75 4 9
258.74 667.19 12.16 2.758
 3 2 0 0 0 1 8 9 99 7 0 0 0 1 2 11 145 4 0 0
 12 17 8 94 11 0 0 0 145 90 9 18 13 11 1 0 1 9 14 16
 127 1 0 0 0 10 19 30 145 25 1 12 30 5 3 52 23 5 1 44
 145 28 4 9 41 34 1 0 0 0 2 9 82 28 4 0 0 1 34 60
 145 42 8 44 23 0 4 29 11 9 6 136 145 2 0 0 18 26 1 0
 0 0 0 1 67 85 11 0 0 0 0 15 110 43 7 46 28 0 0 13
 1 1 7 70 68 9 0 0
253.59 595.65 12.05 -0.360
 5 7 5 0 0 0 25 17 29 18 7 0 0 2 34 29 117 8 0 0
 4 3 5 129 18 0 1 11 111 25 6 45 43 35 11 1 0 0 18 26
 59 15 30 20 6 12 39 29 146 6 1 2 23 10 5 123 24 0 2 21
 146 29 4 25 8 45 24 1 0 0 0 0 97 51 45 10 0 0 0 0
 146 106 11 26 22 0 0 15 17 14 8 102 146 2 0 2 3 5 0 0
 0 0 0 2 59 26 0 0 0 0 3 9 146 66 4 10 16 3 0 6
 12 7 3 35 146 13 0 1
226.78 228.80 13.91 -3.023
 0 0 0 0 0 0 1 3 18 0 0 0 0 0 3 46 44 3 0 0
 2 1 31 121 51 11 4 71 61 4 16 70 9 0 0 0 0 7 45 51
 89 16 0 0 3 35 48 45 121 56 6 44 23 3 27 121 6 4 3 121
 121 5 14 27 73 67 12 6 7 11 25 49 57 20 13 19 54 62 29 48
 121 26 7 90 70 3 1 59 1 2 2 121 111 0 0 0 14 76 7 1
 0 0 0 0 93 59 9 7 6 1 1 44 61 3 0 20 121 26 2 50
 0 0 0 17 92 6 2 2
151.05 703.84 13.29 2.242
 36 80 44 0 0 0 0 14 42 116 17 12 86 18 1 3 4 8 8 27
 101 46 4 2 19 32 25 26 10 6 5 12 56 41 33 0 0 0 0 9
 133 51 5 1 24 48 14 66 20 6 2 7 133 133 15 15 0 9 17 21
 31 42 7 0 85 15 0 0 0 0 0 18 133 133 14 9 14 6 1 28
 25 47 18 64 133 55 2 3 0 0 7 49 68 19 3 2 38 21 0 0
 0 0 0 11 105 85 4 0 1 0 0 44 68 21 3 5 129 69 1 8
 0 0 0 5 67 47 5 5
151.05 703.84 13.29 -0.597
 14 4 11 6 0 0 8 15 133 9 1 5 9 2 4 38 44 3 6 76
 105 25 1 5 0 0 8 72 42 12 0 0 47 20 1 0 0 0 16 42
 133 21 1 5 18 19 18 133 26 2 1 60 133 106 12 28 0 0 0 38
 91 22 0 0 39 22 0 1 12 28 26 12 133 98 13 39 25 4 3 18
 20 18 10 133 133 16 1 3 0 0 0 48 41 8 1 0 16 17 12 14
 15 11 11 14 131 15 1 5 21 18 9 59 10 2 1 19 112 102 17 8
 0 0 0 4 22 63 18 0
140.20 601.89 11.90 -1.192
 17 7 3 0 0 0 0 7 45 47 13 0 0 3 18 63 20 125 30 0
 0 21 36 22 80 125 31 11 26 16 5 11 63 6 0 0 0 0 0 13
 125 28 4 5 7 19 38 125 24 16 16 36 64 99 63 54 117 125 38 4
 2 2 5 30 42 26 0 0 0 0 0 0 125 125 84 21 5 1 0 7
 11 39 124 125 43 5 0 6 58 85 59 19 1 0 2 39 3 8 0 0
 0 0 0 0 9 45 28 1 0 0 0 0 34 20 33 14 0 0 0 32
 71 26 12 8 4 2 6 96
135.27 201.77 11.73 0.122
 31 10 1 0 0 0 0 3 73 1 0 0 7 15 11 48 1 0 0 6
 79 45 8 7 0 0 0 7 26 2 0 0 68 1 0 0 0 1 5 19
 144 8 0 0 10 43 39 144 13 1 0 1 144 144 35 25 0 0 0 0
 47 41 0 0 77 7 1 4 1 2 2 4 144 63 2 15 21 8 2 22
 37 18 3 64 144 83 2 4 0 0 0 2 63 103 0 0 65 2 3 2
 0 0 0 31 144 8 1 26 26 0 0 74 25 7 2 106 104 4 1 7
 14 2 0 6 19 80 27 16
135.27 201.77 11.73 -2.702
 59 55 4 1 0 0 0 1 44 17 6 13 7 1 6 117 20 0 2 89
 50 3 4 123 3 0 6 134 29 0 0 2 107 25 0 0 0 0 0 3
 134 23 2 11 31 5 5 126 13 2 1 129 134 9 6 38 0 0 0 58
 65 1 4 2 96 10 0 0 0 0 0 12 134 114 47 64 18 0 0 9
 5 11 27 134 134 0 0 1 1 6 6 22 26 0 0 1 36 2 0 0
 0 0 5 32 40 23 18 47 11 0 0 7 0 1 6 77 45 1 0 0
 0 1 4 6 6 2 0 0
109.16 637.84 12.61 -1.769
 14 29 30 10 24 2 0 2 90 133 54 5 1 0 0 8 22 133 133 19
 9 20 7 4 6 103 133 23 30 89 34 4 8 15 19 38 21 1 0 1
 49 88 56 10 1 0 0 6 39 39 102 17 0 5 45 58 48 101 75 7
 3 11 30 20 1 7 15 7 0 0 0 0 68 41 4 0 0 0 0 4
 133 112 18 6 8 19 37 64 11 18 34 67 93 47 28 10 0 3 1 0
 0 0 0 0 8 31 0 0 0 0 0 0 25 133 63 8 1 0 0 0
 3 23 79 72 23 0 0 0
34.00 752.74 13.70 -0.343
 0 0 0 0 0 0 0 0 10 5 0 0 0 0 0 0 57 18 0 5
 22 0 0 0 3 1 0 20 146 13 0 0 2 5 5 0 0 0 2 2
 93 54 4 0 0 0 1 5 146 69 2 16 57 5 0 5 17 6 1 48
 146 77 0 0 6 6 10 3 0 5 17 12 134 10 5 1 0 1 7 51
 146 18 8 68 20 1 0 57 7 3 5 146 140 33 0 0 6 9 15 2
 0 0 12 14 135 5 5 1 1 0 10 88 114 3 10 102 40 1 0 46
 0 0 23 97 67 10 0 0
978.99 74.51 10.71 -0.183
 12 0 0 0 0 0 0 9 119 9 0 0 0 0 0 119 85 13 0 2
 76 54 8 97 0 0 0 6 119 74 0 0 20 2 0 0 0 4 34 9
 119 119 2 0 0 0 5 47 119 119 3 0 56 40 2 28 6 2 0 0
 119 119 0 0 4 12 31 0 0 6 25 3 112 29 5 0 0 1 8 109
 119 18 0 0 19 12 1 119 10 0 0 0 119 105 0 4 3 12 18 0
 0 0 0 0 71 16 2 0 0 0 0 19 25 0 0 0 1 1 1 39
 0 0 0 0 17 10 0 1
933.85 297.70 11.30 -0.086
 34 2 0 0 0 0 9 44 22 3 1 2 8 50 78 46 127 29 0 1
 5 23 12 33 100 27 1 4 127 13 0 11 66 49 12 0 0 0 0 12
 44 59 101 29 16 23 12 16 127 22 12 11 11 14 4 127 75 15 1 1
 127 37 5 72 4 22 7 0 0 0 0 0 52 54 36 1 0 0 0 1
 127 127 27 0 0 0 0 43 44 120 28 2 94 53 1 18 3 1 0 0
 0 0 0 0 18 16 0 0 0 0 0 1 77 107 8 0 0 0 0 7
 127 69 5 1 30 9 0 5
919.56 79.32 10.71 -0.455
 19 36 0 0 0 0 0 0 71 127 2 1 7 1 0 0 35 74 3 2
 111 106 0 0 6 4 4 7 58 62 1 0 4 8 0 0 0 0 0 0
 115 94 0 0 0 0 0 4 127 98 0 1 73 50 2 15 2 0 0 3
 127 113 1 1 4 0 0 0 0 1 1 0 127 15 0 0 0 0 0 42
 127 62 12 0 9 36 7 92 6 14 4 0 76 127 5 6 1 0 0 0
 0 0 11 5 59 42 2 0 0 0 12 12 89 127 35 0 0 1 0 14
 58 52 6 0 33 76 1 5
902.55 280.58 10.28 1.306
 0 0 0 0 0 0 2 6 0 0 1 0 0 1 32 13 1 0 1 0
 0 12 29 2 19 1 0 0 0 2 1 5 26 0 0 0 0 0 2 33
 68 8 1 2 3 14 102 123 3 1 1 11 66 127 101 15 13 3 0 0
 20 22 2 2 34 2 0 0 0 0 36 60 125 64 22 22 5 11 51 48
 6 14 21 97 109 36 54 15 2 0 0 4 26 12 125 20 45 0 0 0
 0 2 91 133 10 3 3 4 1 109 133 54 1 1 8 10 5 40 133 122
 0 0 18 12 1 8 133 57
902.55 280.58 10.28 -0.335
 1 2 21 4 0 0 0 3 4 3 11 4 0 0 20 21 131 46 1 0
 0 2 20 9 131 89 0 0 32 26 1 3 33 2 2 0 0 0 0 16
 90 15 3 2 1 14 79 127 66 27 5 13 20 84 103 31 131 131 1 0
 11 9 4 41 38 17 0 0 1 0 0 1 100 125 74 13 1 3 4 16
 53 46 113 73 22 22 6 10 131 77 16 2 2 3 1 81 2 8 0 0
 0 0 0 0 2 34 32 1 0 0 0 0 26 60 37 4 0 0 0 0
 64 131 55 0 0 0 0 0
902.55 280.58 10.28 -2.114
 0 1 80 126 4 1 36 66 4 32 126 120 3 1 5 11 0 10 126 126
 57 4 1 0 0 0 6 110 45 0 0 0 19 9 126 126 0 0 0 2
 94 26 59 50 8 25 23 65 3 3 28 54 109 101 18 11 0 0 1 30
 35 7 0 0 23 27 16 14 6 3 0 0 83 125 95 24 5 4 2 12
 3 10 81 126 76 19 2 2 0 0 1 28 28 2 0 0 0 4 1 0
 13 13 0 0 0 17 39 5 5 1 0 0 0 1 33 22 0 0 1 0
 0 0 1 6 0 0 2 0
902.72 108.34 10.37 3.046
 57 18 0 0 0 0 0 1 145 96 2 5 3 4 0 1 26 21 5 112
 79 62 0 0 0 0 1 65 83 24 0 0 43 3 0 0 0 0 8 31
 145 28 1 7 23 1 0 46 33 8 3 127 145 2 0 6 0 0 0 61
 49 0 0 0 32 9 1 10 17 9 18 15 145 39 0 1 30 5 1 16
 36 3 0 3 145 62 1 4 0 0 0 1 64 17 0 0 34 3 12 26
 9 0 0 3 145 6 0 1 8 6 2 36 41 1 0 11 145 81 4 10
 0 0 0 3 82 24 0 0
902.72 108.34 10.37 -0.080
 86 21 0 0 0 0 0 5 146 71 4 11 41 1 0 16 8 5 2 40
 146 4 0 2 6 0 0 4 37 3 12 24 69 19 0 0 0 0 0 1
 146 66 2 5 40 3 0 3 26 5 1 17 146 35 0 2 20 9 17 12
 30 8 2 15 52 0 0 0 0 0 0 60 146 2 0 8 37 7 2 113
 22 0 0 53 146 21 1 5 0 1 12 33 37 2 0 0 81 22 0 0
 0 0 0 78 72 49 0 0 34 24 6 124 2 2 0 3 146 88 2 4
 0 0 0 2 49 13 0 0
880.62 175.87 9.25 2.321
 17 4 0 0 0 0 0 5 78 33 0 0 0 3 6 52 38 164 42 1
 7 12 6 10 68 164 21 0 1 46 20 7 52 2 0 0 0 0 0 12
 162 23 4 4 8 18 21 113 12 51 14 29 122 76 21 21 92 164 6 5
 15 1 0 0 30 21 0 0 0 3 0 0 88 144 74 21 4 1 0 6
 6 22 75 132 69 5 0 2 18 108 4 14 11 0 0 5 0 4 0 0
 14 15 0 0 1 24 26 1 0 0 3 2 14 10 26 10 0 0 1 3
 10 7 8 4 0 0 0 8
880.62 175.87 9.25 -0.915
 0 0 0 6 12 8 8 4 0 0 1 2 10 10 30 14 0 0 1 1
 0 27 31 2 8 23 0 0 0 4 0 0 12 0 0 5 11 79 8 14
 78 8 1 2 6 21 70 129 6 2 1 6 94 143 72 21 0 2 0 0
 33 22 0 0 14 1 0 0 32 171 14 4 113 85 19 16 9 60 18 23
 9 23 22 101 160 20 3 4 0 0 0 10 59 3 0 0 0 38 35 8
 45 171 32 0 5 12 4 5 16 171 89 1 0 3 5 35 80 75 4 0
 0 0 0 4 22 10 0 0
814.64 88.75 10.14 -0.346
 9 9 14 8 1 2 6 8 73 73 7 6 1 1 1 1 71 45 1 5
 77 48 3 8 0 0 0 1 72 61 2 0 1 8 23 4 0 0 0 0
 138 26 7 2 0 0 0 1 139 12 0 0 34 73 10 30 4 0 0 0
 124 139 3 3 3 1 1 0 0 1 1 0 139 12 0 0 0 0 0 4
 139 45 0 0 27 25 2 24 16 6 0 0 139 110 1 4 1 0 1 1
 0 0 0 0 49 38 0 0 0 0 0 0 139 139 2 1 8 1 0 0
 21 48 4 3 139 49 0 0
806.32 115.13 9.03 -0.383
 58 75 1 1 0 1 1 1 39 69 3 9 85 20 0 0 0 0 0 6
 125 48 0 0 0 0 0 5 7 5 5 1 52 46 9 7 0 0 0 0
 137 49 0 0 19 42 8 17 10 0 0 0 111 137 7 6 0 0 0 0
 20 36 5 2 72 12 2 0 0 0 0 0 137 17 0 0 3 16 4 16
 53 0 0 0 137 137 6 13 0 0 0 1 91 76 0 0 52 7 0 0
 0 0 0 0 137 64 0 0 0 1 0 5 65 33 2 2 137 66 1 4
 1 0 0 0 137 57 0 2
806.32 115.13 9.03 -2.922
 11 1 5 0 0 0 3 9 136 0 0 0 0 0 0 110 106 1 1 37
 59 4 3 102 0 0 0 56 136 4 1 1 40 4 3 0 0 0 1 8
 136 6 2 6 0 0 0 65 89 9 9 136 63 0 0 18 0 0 0 136
 88 0 0 0 61 4 1 0 0 0 1 27 136 15 9 32 10 0 0 44
 20 8 9 136 99 0 0 0 0 0 0 65 35 1 0 0 42 0 0 0
 0 4 13 74 58 1 1 16 60 6 5 78 1 0 0 48 123 5 2 1
 0 0 0 3 11 14 15 1
754.49 119.31 9.55 2.897
 61 49 3 1 0 0 0 0 121 128 9 23 56 1 0 0 1 6 3 27
 128 17 0 0 0 0 0 0 20 10 17 4 55 16 3 0 0 0 3 11
 128 46 1 4 21 17 1 17 19 3 0 4 128 114 3 8 3 4 8 4
 27 20 14 12 29 0 0 0 0 4 54 54 128 11 0 0 6 11 17 31
 59 3 0 0 128 128 5 8 0 2 10 8 71 67 0 0 35 57 0 0
 0 6 24 18 106 33 11 0 0 5 26 33 78 48 2 0 56 123 6 7
 0 0 0 0 113 128 0 0
754.49 119.31 9.55 0.116
 64 6 0 0 0 0 6 6 137 66 1 4 10 2 0 4 37 19 9 48
 132 39 6 1 0 5 15 14 48 64 20 0 41 3 3 2 3 12 19 15
 137 33 4 12 11 0 0 26 42 18 17 132 137 0 0 1 0 42 53 43
 36 5 0 0 57 15 20 4 1 1 0 10 137 18 3 24 27 2 1 39
 15 6 7 137 137 1 0 1 0 8 51 40 19 0 0 0 72 2 1 0
 0 0 0 71 94 0 0 3 79 19 10 135 0 0 0 21 137 13 3 2
 0 0 1 5 15 7 5 0
732.47 93.42 11.56 0.184
 3 0 0 0 0 0 0 1 100 0 0 0 0 0 0 25 134 0 0 0
 56 41 8 89 2 0 0 0 134 103 12 5 3 0 0 0 0 0 11 18
 134 7 0 0 0 3 14 20 134 48 3 24 68 14 1 21 6 8 15 43
 125 87 22 1 22 17 7 1 0 2 10 22 110 10 10 4 4 12 17 30
 134 24 7 74 59 0 0 33 3 29 41 112 81 1 0 0 6 17 9 0
 0 0 0 3 107 11 10 1 0 0 1 74 91 6 3 62 109 7 5 52
 0 3 18 63 63 1 0 0
700.90 412.30 9.84 2.771
 13 32 18 1 1 4 4 7 107 12 4 1 1 5 3 30 134 15 0 15
 17 0 0 13 8 2 3 125 78 1 0 0 22 31 7 0 0 0 0 3
 134 72 1 0 0 0 0 18 134 56 1 13 47 1 0 12 7 3 1 60
 134 20 3 0 39 5 0 0 0 0 0 10 134 15 0 0 0 0 0 52
 134 7 0 6 51 6 0 69 5 1 7 31 134 40 11 3 29 6 0 0
 0 0 0 2 134 12 0 0 0 0 0 39 134 0 0 12 67 4 0 55
 1 0 11 49 134 5 0 0
684.39 137.94 9.66 -2.625
 56 3 0 0 0 0 0 4 117 19 0 0 3 14 10 27 17 3 0 0
 7 28 33 126 7 0 0 53 69 4 7 84 28 22 0 0 0 0 0 0
 114 126 5 0 0 1 2 7 126 36 3 16 28 4 9 90 9 0 0 101
 126 4 3 20 8 3 0 0 0 2 1 2 126 23 0 0 0 0 0 27
 126 28 14 103 32 0 0 23 2 1 2 126 126 0 0 0 4 0 0 0
 2 8 9 16 119 2 0 1 0 0 2 70 67 10 9 106 52 1 0 11
 0 0 0 81 50 1 0 0
661.84 437.09 10.82 2.598
 17 16 4 0 0 0 0 2 105 55 0 0 0 0 0 12 139 41 0 2
 51 16 0 9 3 0 5 10 104 57 20 2 25 10 0 0 0 0 0 1
 139 43 0 0 0 0 0 8 139 10 0 2 57 12 0 13 7 0 10 34
 139 34 0 1 16 5 0 0 0 0 0 0 139 11 0 0 0 0 0 13
 139 8 2 39 46 3 0 20 8 2 2 100 139 21 1 1 10 2 0 0
 0 0 0 0 139 5 0 0 0 0 0 22 139 1 0 42 86 0 0 31
 9 7 2 68 114 0 0 1
641.03 381.30 10.41 -0.488
 34 74 49 9 3 3 3 11 18 17 45 35 41 18 5 21 129 1 0 1
 12 4 4 139 33 0 0 37 139 2 1 30 5 28 19 0 0 0 1 11
 96 40 18 2 0 0 14 40 139 34 0 4 31 1 2 73 17 3 0 30
 139 5 1 9 46 12 1 0 0 0 4 45 58 26 23 1 0 0 61 94
 139 39 5 7 35 0 9 41 18 4 0 27 139 8 0 0 24 32 5 0
 0 0 0 2 40 68 59 1 0 0 1 8 139 56 9 2 17 6 0 11
 21 2 0 7 139 56 0 2
600.60 183.13 9.18 1.387
 3 25 114 54 0 0 0 0 23 154 111 0 0 0 1 13 9 154 154 3
 2 1 3 8 6 154 154 51 3 0 6 8 32 8 6 4 0 0 0 4
 120 26 4 3 6 6 9 77 9 26 59 41 100 23 10 19 0 52 154 20
 14 0 0 0 20 20 1 0 0 0 0 0 67 106 49 15 3 0 0 5
 4 15 50 113 63 2 0 1 0 6 10 22 14 0 0 0 0 5 0 0
 0 0 0 0 0 20 25 2 0 0 0 0 0 2 25 21 0 0 0 0
 0 0 2 4 0 0 0 0
600.60 183.13 9.18 -2.012
 0 0 0 0 0 0 0 5 0 0 0 0 0 2 24 24 0 0 0 0
 0 22 27 2 0 0 0 0 0 6 2 0 17 0 0 0 0 0 4 16
 80 5 0 0 2 12 42 93 6 1 0 4 60 111 49 16 0 0 0 0
 21 25 2 1 15 0 0 0 0 17 76 22 109 38 6 7 3 4 58 37
 11 14 9 46 107 39 19 4 0 0 0 2 35 19 21 12 8 0 0 0
 0 24 163 163 4 1 0 2 4 99 163 32 0 0 1 5 11 163 163 1
 0 0 0 0 2 57 163 45
572.53 378.04 9.60 0.667
 0 0 0 0 0 0 2 12 0 0 0 0 0 4 49 37 0 0 0 0
 0 26 59 5 3 2 0 0 0 4 29 7 42 1 0 0 0 0 1 42
 115 19 4 3 5 26 104 132 6 4 5 24 64 132 129 29 3 3 4 8
 18 35 61 25 60 9 0 0 0 14 16 19 132 123 55 28 6 6 7 33
 6 22 64 132 69 27 14 6 2 11 31 39 18 6 25 6 6 0 0 0
 5 65 71 71 13 9 7 5 1 27 132 112 0 1 8 22 5 37 132 38
 0 0 3 3 0 3 132 41
572.53 378.04 9.60 -1.352
 37 24 5 6 0 0 6 20 14 16 5 4 19 27 40 21 47 118 0 1
 11 24 23 2 118 124 0 0 3 22 2 1 48 50 2 0 0 0 0 2
 124 45 8 4 6 16 63 109 20 14 5 26 51 124 124 35 124 124 16 8
 11 16 9 7 41 26 0 0 0 0 0 0 124 124 87 14 2 2 5 24
 10 36 124 124 55 24 8 7 18 67 59 51 12 2 0 3 1 10 0 0
 0 0 0 0 1 45 44 1 0 0 0 0 0 9 70 26 0 0 0 0
 47 20 10 6 0 0 0 6
545.94 520.75 9.24 2.627
 8 0 0 0 0 0 0 5 135 1 0 0 0 0 0 47 139 4 0 8
 60 0 0 66 3 0 0 40 139 0 0 2 10 0 0 0 0 0 5 41
 139 11 0 0 0 0 18 59 139 38 1 8 80 5 0 14 3 1 0 10
 139 29 3 1 54 25 2 0 0 0 5 38 74 36 21 0 0 0 34 56
 139 19 1 0 48 17 2 27 12 2 0 1 139 69 7 12 15 36 5 0
 0 0 0 4 66 68 31 0 0 0 1 7 139 33 1 0 37 3 0 2
 15 6 2 6 139 19 2 1
480.41 602.82 9.64 2.138
 3 22 4 0 0 0 0 0 46 31 34 1 0 0 0 13 130 97 8 0
 0 0 0 52 130 130 0 0 3 27 2 6 8 2 0 0 0 0 0 0
 119 15 0 0 0 0 0 6 130 13 0 0 0 3 18 110 130 130 0 0
 4 14 25 36 8 1 0 0 0 0 0 0 108 22 0 0 0 0 0 2
 130 130 31 4 2 3 5 29 65 92 77 31 17 15 8 8 2 2 0 0
 0 0 0 0 20 29 0 0 0 0 0 1 25 130 51 1 0 0 0 3
 1 68 130 9 0 0 0 0
459.19 400.29 9.64 1.128
 0 0 0 0 0 0 3 8 0 0 0 0 0 4 39 22 0 0 0 0
 0 25 25 1 0 0 0 0 0 5 0 0 33 1 0 0 0 0 2 28
 91 10 0 0 1 32 81 112 6 0 0 0 56 140 59 11 0 0 0 0
 18 31 1 0 43 6 0 0 1 17 14 12 140 44 0 0 5 15 12 76
 43 5 0 0 140 140 21 32 0 0 0 0 69 54 6 5 34 2 0 11
 26 28 8 19 140 11 0 0 1 11 21 140 50 4 0 6 140 140 53 94
 0 0 0 0 90 83 52 46
459.19 400.29 9.64 -1.452
 8 6 25 6 0 0 0 2 136 18 9 0 0 0 0 67 136 61 90 109
 15 4 6 95 3 3 36 136 136 13 5 6 41 3 0 0 0 0 0 7
 136 20 5 11 5 0 0 78 65 28 86 136 62 0 0 14 9 5 43 136
 14 0 0 3 32 15 0 0 0 0 0 0 108 120 51 21 4 0 0 4
 7 19 53 136 71 0 0 0 9 18 5 31 15 0 0 0 1 7 0 0
 0 0 0 0 1 31 33 2 0 0 0 0 0 4 38 26 0 0 0 0
 1 4 3 5 0 0 0 0
450.86 600.12 10.06 2.360
 23 2 0 0 0 0 0 4 70 3 0 0 0 0 4 63 122 64 0 0
 0 1 7 37 108 41 1 2 54 53 5 4 43 0 0 0 0 0 0 11
 122 9 0 0 1 3 11 104 122 31 2 4 10 21 31 49 122 48 1 5
 90 18 0 1 39 14 0 0 0 0 0 2 122 122 35 2 1 0 0 13
 75 114 95 17 9 5 1 4 122 122 11 21 61 2 0 0 11 4 0 0
 0 0 1 12 8 43 19 0 0 3 4 8 18 105 48 0 0 0 1 0
 100 122 4 2 11 4 0 0
414.32 137.57 9.41 -0.050
 33 0 0 0 0 0 0 7 134 6 1 1 0 0 0 59 89 9 4 85
 90 0 0 30 0 0 2 106 113 0 0 0 60 0 0 0 0 0 0 6
 134 13 3 6 1 0 0 23 58 14 8 127 116 0 0 1 0 0 0 50
 134 2 0 0 59 0 0 0 0 0 4 20 134 11 1 13 13 0 0 31
 24 6 2 134 106 0 0 1 0 0 0 75 59 0 0 0 17 0 0 0
 0 1 65 66 87 0 0 11 41 1 8 88 4 0 0 70 134 0 0 3
 0 0 0 29 18 0 0 0
316.60 190.13 10.22 -2.964
 8 0 0 0 0 0 0 6 42 6 0 0 0 0 16 63 61 4 0 0
 0 0 30 126 51 0 0 59 33 1 2 119 18 0 0 0 0 0 0 11
 92 46 0 0 0 0 0 25 126 62 5 18 2 0 2 59 36 7 5 126
 79 0 0 22 13 0 0 0 0 0 14 47 37 2 0 0 0 0 31 126
 117 17 7 69 32 2 11 109 7 5 6 126 75 0 0 0 63 15 0 0
 0 0 22 75 32 8 1 16 14 3 86 126 1 0 0 126 126 7 26 45
 0 0 0 75 48 0 0 0
307.96 637.22 10.30 2.587
 15 6 9 9 6 5 4 1 130 70 0 0 1 0 0 0 50 52 2 4
 123 33 0 0 0 0 8 9 98 33 0 0 18 18 13 3 0 0 0 0
 130 55 0 0 0 0 0 3 130 37 0 1 52 54 9 34 0 0 0 0
 113 130 4 2 13 5 0 0 0 2 6 4 130 27 0 0 0 0 0 10
 130 17 0 0 31 36 12 70 5 0 0 0 130 116 7 6 4 2 2 1
 2 15 12 6 104 29 0 0 0 3 10 10 130 91 1 6 29 0 0 2
 9 9 1 19 130 14 0 0
282.91 203.14 9.35 2.319
 35 59 56 0 0 0 0 3 13 126 102 4 8 2 0 0 19 51 18 6
 89 101 1 1 0 0 0 0 53 105 0 0 6 45 23 0 0 0 0 0
 87 82 16 0 0 0 0 1 126 47 0 0 15 66 10 24 8 0 0 0
 96 126 6 6 9 19 0 0 0 0 0 0 126 32 0 0 0 0 0 17
 126 69 28 1 5 11 2 33 17 26 31 6 112 126 2 4 7 4 0 0
 0 0 0 0 50 54 11 0 0 0 0 2 29 118 113 0 0 0 0 2
 7 122 63 4 21 14 0 0
227.95 571.51 9.67 1.487
 0 0 0 0 0 0 6 8 0 0 0 0 0 1 45 36 0 0 0 0
 1 11 74 14 0 0 0 1 7 22 19 0 20 0 0 0 0 1 21 28
 95 10 1 1 5 13 62 127 6 2 1 17 103 79 75 21 1 0 0 23
 43 10 4 7 15 0 0 0 0 51 145 14 108 55 15 15 7 40 78 26
 8 15 17 83 136 30 11 3 17 0 0 8 35 8 22 29 11 32 9 0
 0 134 145 28 2 3 5 3 3 145 145 3 0 0 1 7 17 145 64 5
 6 0 0 2 4 28 64 36
227.95 571.51 9.67 -1.782
 3 52 60 40 5 0 0 1 11 147 139 2 0 1 1 4 1 147 147 5
 3 3 4 2 0 52 147 61 9 17 4 0 31 12 31 31 19 0 0 2
 137 38 16 3 6 16 16 61 7 19 78 24 105 69 15 14 0 11 147 24
 20 2 0 0 42 7 2 14 7 0 0 13 113 81 59 17 4 2 1 12
 5 17 63 123 93 13 1 1 0 0 12 33 26 0 0 0 10 21 13 0
 0 0 0 2 4 12 63 19 0 0 0 0 0 1 44 41 0 0 0 0
 0 0 4 10 0 0 0 0
205.87 268.69 10.50 1.974
 20 68 54 3 0 0 0 4 7 59 124 16 0 1 24 35 7 124 74 0
 1 18 27 7 5 124 38 0 0 51 64 5 60 12 2 0 0 0 0 27
 120 37 12 9 5 21 91 124 9 34 22 54 44 110 100 27 8 107 88 36
 2 5 6 6 41 40 1 0 0 0 0 1 86 124 124 35 4 3 3 15
 2 15 124 124 28 12 2 2 0 0 84 66 1 0 0 0 0 8 1 0
 0 0 0 0 0 22 37 3 0 0 0 0 0 1 32 20 0 0 0 0
 0 0 7 3 0 0 0 0
205.87 268.69 10.50 -2.327
 1 0 0 0 0 0 1 9 1 0 0 0 0 3 49 39 0 0 0 0
 0 36 55 4 0 0 0 0 0 7 13 11 47 1 0 0 0 0 0 23
 122 25 5 5 5 23 92 122 8 5 5 26 110 122 98 25 46 0 0 1
 27 29 17 75 73 4 0 0 0 0 0 8 122 90 40 30 6 4 3 22
 7 18 43 122 97 21 31 38 75 1 2 5 24 6 44 122 60 1 0 0
 0 0 0 9 109 6 2 4 3 4 22 75 1 0 4 30 8 4 103 122
 8 2 60 91 1 0 46 122
140.57 674.94 10.66 -0.465
 13 4 4 0 0 0 2 16 14 3 3 0 0 7 47 36 135 1 0 1
 2 6 18 125 49 1 1 44 83 31 4 27 25 9 0 0 0 5 32 19
 73 48 16 0 0 6 16 24 135 13 3 9 15 16 17 135 19 1 1 72
 135 77 13 34 1 1 0 12 45 42 59 23 104 16 1 1 20 15 16 10
 135 64 20 66 22 0 0 16 11 9 11 135 125 1 0 1 10 14 26 44
 24 4 6 7 53 10 4 2 6 10 39 38 115 9 4 18 53 22 7 64
 0 0 1 41 104 50 10 0
127.83 753.40 10.89 2.422
 21 0 0 0 0 0 0 16 118 15 0 0 0 0 0 94 118 45 9 24
 91 31 6 53 0 1 6 28 118 48 8 0 39 17 0 0 0 0 0 8
 97 118 12 0 0 0 0 29 104 118 22 41 83 6 0 10 0 1 17 67
 118 9 0 0 32 4 0 0 0 0 1 46 64 20 2 0 0 0 32 109
 118 7 0 0 91 16 6 49 2 0 0 1 118 40 2 1 42 34 1 0
 0 0 0 13 68 57 17 0 0 0 8 41 116 5 1 0 53 24 4 48
 1 0 0 1 118 51 1 2
115.72 173.79 9.65 -0.127
 5 9 9 0 0 0 0 2 73 14 2 0 0 0 0 9 35 3 0 0
 24 35 10 15 0 0 0 2 61 26 0 0 4 10 7 0 0 0 0 0
 117 34 1 0 0 0 0 6 138 11 0 0 8 67 61 92 1 0 0 0
 46 138 42 10 3 1 0 0 0 0 10 7 132 27 0 0 0 0 3 7
 138 136 1 0 7 32 27 73 32 28 2 5 138 138 24 14 0 0 0 3
 2 3 14 7 33 23 0 3 3 3 3 0 138 138 1 2 2 0 0 0
 60 60 4 34 138 14 0 0
106.64 704.01 11.08 -0.820
 2 0 3 7 1 1 9 15 116 61 5 3 0 0 0 4 130 69 2 13
 84 1 0 0 0 0 15 53 84 11 5 0 1 2 17 27 2 1 4 6
 111 36 6 6 0 0 11 18 130 60 1 5 74 25 6 22 1 0 3 25
 110 97 17 1 30 9 6 1 0 0 4 22 80 22 13 1 0 1 42 56
 130 44 2 3 22 44 22 88 11 4 0 34 130 114 18 9 15 11 1 0
 0 2 17 24 33 46 22 0 2 8 10 5 130 130 12 17 19 2 0 2
 13 26 9 73 130 12 0 0
85.13 792.28 9.80 2.166
 35 14 2 0 0 0 1 40 98 22 3 0 0 0 9 66 101 18 0 0
 63 63 2 6 0 0 0 0 90 102 2 1 73 46 8 0 0 0 0 26
 75 61 43 1 0 0 6 34 122 30 2 0 23 44 4 19 9 0 0 0
 122 122 2 3 13 56 8 0 0 0 0 0 122 91 20 0 0 0 0 27
 122 74 27 0 2 9 2 65 26 33 5 0 38 122 6 6 5 11 0 0
 0 0 0 0 40 108 17 0 0 0 0 0 36 122 103 0 0 0 0 1
 82 122 14 0 3 37 1 0
68.59 767.27 10.14 -0.504
 29 45 5 0 0 0 0 0 135 100 1 2 13 1 0 0 29 16 1 20
 135 101 1 0 0 0 0 6 71 127 1 0 48 16 3 0 0 0 4 14
 135 45 2 8 4 0 0 14 50 15 11 135 70 21 0 0 0 0 5 105
 111 41 0 0 60 6 9 1 0 0 3 10 135 9 2 18 13 0 0 25
 26 5 9 106 103 9 2 1 0 0 7 40 56 60 6 0 67 3 3 0
 0 0 7 20 135 2 0 22 33 1 0 37 5 0 23 88 80 5 0 0
 0 0 33 65 16 5 0 0
32.81 819.55 10.16 2.782
 31 2 0 0 0 0 0 5 127 32 0 0 0 0 9 105 53 17 0 0
 15 3 25 141 7 0 0 38 141 7 2 24 28 8 0 0 0 0 0 1
 141 141 0 0 0 0 0 19 141 123 0 0 40 9 4 51 15 0 0 5
 141 41 1 7 20 1 0 0 0 0 0 4 141 27 0 0 0 0 0 54
 141 23 0 0 31 6 0 91 13 0 0 0 141 34 0 5 7 2 0 0
 0 0 0 1 57 20 0 0 0 0 0 1 51 11 0 0 1 0 0 1
 1 0 0 0 2 0 0 0
983.43 26.48 8.22 1.239
 3 0 0 0 0 0 0 0 29 0 0 0 2 2 0 2 4 0 0 0
 51 27 0 1 0 0 1 1 15 5 0 0 32 0 0 0 0 0 0 2
 139 4 0 1 12 3 0 16 27 1 0 6 139 24 1 6 0 0 0 1
 46 9 10 0 20 0 0 0 0 0 3 16 139 14 1 5 9 4 30 57
 21 6 2 19 126 33 24 23 5 0 0 0 16 24 139 107 0 0 0 0
 0 0 25 23 7 0 0 0 1 119 139 107 13 0 0 0 10 139 139 68
 104 0 0 0 0 23 129 139
983.43 26.48 8.22 -1.935
 0 25 118 136 120 0 0 0 6 136 136 84 20 0 0 0 1 129 136 101
 5 0 0 0 0 0 32 31 0 0 0 0 6 27 136 132 11 0 0 0
 109 38 30 36 12 4 1 12 17 7 31 52 125 19 2 6 0 0 4 20
 29 0 0 0 24 9 18 1 0 0 0 1 136 26 2 3 12 1 0 3
 25 6 1 11 136 8 0 1 0 0 0 2 48 1 0 0 9 3 0 0
 0 0 1 2 56 31 0 1 2 0 0 0 6 6 0 3 30 1 0 0
 0 0 0 0 5 0 0 0
852.32 391.64 7.44 2.745
 15 0 0 0 0 0 0 7 68 23 0 0 0 0 2 47 120 120 0 0
 0 0 1 18 79 89 1 4 99 20 0 0 46 0 0 0 0 0 0 18
 102 3 0 0 0 0 15 120 120 57 0 0 0 2 39 76 120 120 0 0
 34 22 1 1 63 1 0 0 0 0 0 23 120 51 0 0 0 0 1 24
 82 51 19 8 3 14 24 20 120 97 9 5 8 7 3 0 38 23 2 0
 0 0 0 5 32 75 34 0 0 0 0 2 14 87 120 12 0 0 0 0
 100 117 46 7 1 0 0 0
838.72 369.14 7.34 3.109
 6 0 0 0 0 0 23 53 133 1 0 0 0 0 19 50 133 12 1 17
 29 1 0 4 2 1 0 68 133 6 0 0 60 0 0 0 0 2 20 64
 105 3 0 0 0 12 35 39 133 18 0 9 69 1 0 5 2 0 0 33
 133 5 0 0 83 46 12 0 0 1 1 13 83 20 22 6 6 12 4 14
 133 6 0 15 69 0 0 17 2 0 0 45 133 2 0 0 8 61 29 0
 0 0 0 0 125 58 33 1 0 0 0 7 133 5 0 23 75 0 0 10
 0 0 0 49 133 1 0 0
761.19 433.04 7.95 -2.457
 1 0 0 0 0 0 0 12 1 0 0 0 0 2 39 43 1 0 0 0
 0 10 51 32 33 8 0 0 0 2 6 30 36 1 0 0 0 0 0 29
 108 20 1 2 4 20 65 126 6 4 1 9 52 103 80 25 9 4 0 0
 9 20 17 18 37 3 0 0 0 0 8 38 131 70 12 10 5 6 15 64
 8 17 14 48 75 26 42 33 2 0 0 1 9 4 102 144 21 0 0 0
 0 10 57 58 73 0 0 0 0 9 66 144 2 0 0 1 2 21 144 144
 0 0 0 0 0 0 144 144
755.62 62.65 8.30 1.377
 3 0 0 0 1 0 0 9 1 0 0 0 0 7 22 15 0 0 0 0
 0 24 22 1 0 0 0 0 0 4 5 0 27 0 0 0 0 0 0 13
 63 9 1 1 2 10 49 80 4 2 1 8 55 98 56 14 0 0 0 0
 13 22 19 5 22 2 0 0 0 2 33 12 84 58 12 8 2 1 18 30
 6 15 15 43 65 21 61 20 0 0 0 1 12 8 121 126 0 0 0 0
 1 49 159 7 6 5 1 0 0 16 159 127 1 6 7 1 1 2 159 158
 5 6 28 3 0 0 159 159
755.62 62.65 8.30 -0.128
 3 0 0 0 0 0 0 3 18 2 0 0 0 0 10 19 124 88 0 0
 0 0 10 8 166 166 3 5 16 2 0 0 17 0 0 0 0 0 1 23
 52 10 2 1 1 6 56 103 57 14 3 10 13 47 76 25 166 118 1 3
 5 2 2 4 22 14 0 0 0 0 1 8 58 84 57 7 1 1 3 15
 22 31 86 56 15 13 5 3 166 123 6 6 2 1 0 15 0 10 2 0
 0 0 1 0 1 18 29 0 0 0 0 0 38 14 28 3 0 0 0 4
 166 9 0 0 0 1 2 80
755.62 62.65 8.30 -1.570
 0 0 171 171 1 3 9 1 2 26 171 76 2 3 4 1 0 21 171 78
 4 9 5 1 7 146 171 10 0 0 10 9 9 7 126 39 0 0 0 0
 67 24 62 8 2 6 12 49 6 4 45 27 72 42 16 16 0 20 74 16
 23 1 0 0 12 18 12 0 0 0 0 0 63 95 44 8 2 1 1 11
 5 16 54 81 61 7 2 3 0 0 2 21 28 0 0 0 0 4 2 0
 0 0 0 0 2 27 16 0 0 0 0 0 0 7 24 18 0 0 0 0
 1 0 0 10 2 0 0 1
733.98 170.34 7.99 -2.864
 3 0 0 0 0 0 0 4 3 0 0 0 0 0 26 38 0 0 0 0
 0 15 67 15 46 0 0 0 0 2 10 88 27 1 0 0 0 0 0 7
 125 11 0 0 0 4 37 114 23 4 0 0 28 120 108 49 108 0 0 0
 6 27 21 125 27 6 0 0 0 0 0 0 125 72 0 0 0 0 1 12
 107 30 3 1 36 84 48 36 125 0 0 0 13 33 30 125 8 3 0 0
 0 0 0 0 108 101 6 0 0 0 0 1 82 125 92 4 3 12 13 11
 125 35 19 3 16 9 8 49
728.32 312.21 7.36 -0.215
 11 0 0 0 0 0 0 12 8 0 0 0 0 0 26 44 4 1 0 0
 0 0 65 86 75 1 0 0 0 0 34 134 42 0 0 0 0 0 0 10
 103 7 0 0 0 0 17 109 62 18 0 0 0 0 76 134 64 4 0 0
 0 0 85 134 41 9 0 0 0 0 0 2 109 109 14 0 0 0 0 11
 134 134 21 0 0 0 0 16 134 68 0 0 0 0 2 39 5 5 0 0
 0 0 1 3 5 65 15 0 0 0 0 0 61 134 11 0 0 0 0 0
 80 134 9 0 0 0 0 0
729.29 142.62 8.81 2.989
 1 0 0 0 0 0 13 17 77 1 0 0 0 1 19 27 124 4 0 0
 34 23 1 37 4 0 0 1 124 53 1 4 50 15 0 0 0 4 31 54
 56 7 0 0 2 55 70 32 124 11 0 0 27 28 12 25 20 0 0 0
 124 124 3 4 50 98 0 0 0 1 1 3 51 92 19 5 2 26 41 18
 124 77 23 10 4 16 26 23 49 37 0 1 124 124 2 3 7 34 1 0
 0 0 0 0 13 91 79 6 0 0 0 0 51 124 72 11 0 0 0 0
 45 119 9 10 89 16 0 0
708.37 179.79 8.37 -2.680
 1 0 0 1 0 0 0 0 32 0 0 0 0 0 0 32 42 0 0 0
 2 23 84 115 1 0 0 0 9 79 72 25 3 0 0 0 0 0 0 0
 133 4 0 0 0 0 0 14 141 16 0 0 24 29 24 77 26 1 0 0
 70 101 42 96 3 0 0 0 0 0 0 0 113 26 0 0 0 0 0 1
 141 141 30 1 4 18 10 37 105 45 31 3 12 59 41 135 1 0 0 0
 0 0 1 1 15 22 0 0 0 0 0 0 79 141 30 0 0 0 0 2
 141 70 25 7 3 0 0 50
654.19 353.28 8.05 0.906
 0 0 0 0 0 0 6 5 0 0 0 0 0 2 32 18 0 0 0 0
 0 15 29 3 14 0 0 0 0 1 2 15 17 0 0 0 0 6 7 31
 68 4 0 0 2 20 84 130 4 1 0 0 43 130 85 18 15 0 0 0
 8 30 13 30 30 1 0 0 0 31 39 24 130 56 3 3 5 6 22 72
 20 19 4 11 108 104 78 24 0 0 0 0 14 36 130 102 1 0 0 0
 0 45 130 43 20 4 3 1 0 1 130 130 4 3 22 2 2 17 130 94
 0 1 36 4 0 6 130 97
654.19 353.28 8.05 -1.615
 12 109 122 3 0 0 0 0 21 122 122 0 0 2 1 4 4 122 122 4
 1 36 13 1 1 69 83 1 0 46 82 3 42 20 37 12 0 0 0 5
 122 63 18 8 11 3 5 77 12 49 122 82 64 5 5 14 3 122 122 16
 2 0 0 0 33 33 4 2 0 0 0 0 84 122 79 31 6 0 0 10
 2 11 64 122 48 0 0 1 29 59 24 20 3 0 0 0 0 9 3 0
 0 0 0 0 0 28 39 3 0 0 0 0 1 6 37 17 0 0 0 0
 31 16 3 1 0 0 0 0
652.38 105.48 8.21 -0.019
 33 59 19 0 0 0 12 18 19 32 33 22 13 2 5 27 2 2 5 122
 97 7 0 2 0 3 5 40 17 0 0 0 22 97 31 0 0 0 0 0
 136 59 17 1 20 22 4 11 15 0 0 6 136 103 3 5 0 0 0 3
 42 16 0 0 55 19 0 0 0 0 0 0 136 22 0 0 5 16 4 21
 54 0 0 0 136 136 10 18 0 0 0 0 64 81 5 0 49 1 0 0
 0 0 0 1 136 23 0 0 0 2 2 17 96 10 0 0 119 136 9 17
 0 0 0 0 62 106 63 5
652.38 105.48 8.21 -2.761
 49 36 6 0 0 0 0 0 137 41 7 10 2 0 0 7 63 13 6 137
 137 0 0 3 0 0 0 63 110 0 0 0 81 0 0 0 0 0 0 11
 137 29 6 30 15 0 0 13 25 14 7 137 137 0 0 0 0 0 0 53
 55 0 0 0 53 0 0 0 0 0 8 77 137 11 4 34 29 5 4 54
 5 2 2 77 137 42 2 0 0 0 0 7 36 22 0 0 3 0 2 6
 0 0 60 137 9 0 13 27 16 28 29 51 0 0 11 11 55 89 10 0
 0 0 0 0 60 36 0 0
621.09 51.70 7.56 0.452
 2 0 0 0 0 0 0 2 19 0 0 0 0 0 2 42 31 0 0 0
 0 2 59 117 128 64 8 0 0 5 33 61 8 0 0 0 0 0 0 1
 128 1 0 0 0 0 0 29 128 4 0 0 0 14 73 125 27 25 4 0
 0 38 128 62 8 0 0 0 0 0 0 0 128 28 0 0 0 0 0 0
 128 128 5 0 0 1 8 18 57 120 20 5 1 4 60 43 4 0 0 0
 0 0 0 1 42 20 0 0 0 0 0 4 128 109 1 0 0 0 0 52
 116 47 6 16 45 8 6 98
616.52 75.14 8.03 0.720
 10 0 0 0 0 0 0 15 24 0 0 0 0 4 42 84 63 11 0 0
 0 21 57 68 63 38 18 13 20 32 31 43 54 0 0 0 0 0 0 20
 121 12 0 0 0 11 24 112 29 15 0 0 0 79 121 43 15 29 20 9
 3 3 121 54 62 9 0 0 0 0 0 8 121 102 0 0 0 0 2 42
 68 75 25 16 3 8 46 42 7 11 121 56 0 0 78 35 23 0 0 0
 0 0 0 83 82 6 0 4 11 3 8 121 18 5 17 121 86 8 9 59
 0 1 104 121 11 0 0 0
600.16 108.84 8.13 2.478
 1 141 62 4 13 30 0 0 5 29 12 3 19 93 47 18 0 0 0 17
 17 40 93 32 0 0 0 24 33 70 23 0 53 125 11 0 0 0 0 0
 141 71 5 0 18 11 16 23 12 0 0 44 141 20 17 16 1 0 0 45
 39 32 51 18 91 7 0 0 0 0 8 17 141 9 0 0 33 9 1 24
 38 7 1 5 141 47 4 13 27 28 34 30 26 21 36 33 48 7 2 7
 4 9 14 9 141 22 0 0 5 14 5 22 50 3 1 2 89 141 14 17
 1 10 37 39 50 82 0 0
590.00 83.90 8.94 -0.775
 23 16 1 2 1 0 12 73 55 123 2 0 4 16 41 48 66 123 17 14
 117 17 0 1 1 2 2 7 123 33 0 0 95 73 21 2 0 0 9 65
 52 42 61 54 33 27 31 33 123 59 6 12 71 10 0 3 8 4 2 6
 123 71 1 0 34 75 19 0 0 0 0 1 77 57 52 14 0 0 0 59
 103 36 44 33 10 1 0 41 8 38 27 21 46 84 26 3 15 21 1 0
 0 0 0 0 25 89 52 0 0 0 0 6 6 44 123 36 0 0 0 3
 6 123 60 17 0 3 4 1
578.08 125.09 8.13 2.439
 33 91 12 0 0 0 0 0 108 46 3 0 15 9 11 15 6 0 0 26
 108 14 10 10 1 0 0 22 24 24 40 15 81 10 0 0 0 0 5 11
 142 14 0 0 29 10 1 11 30 7 1 1 142 50 3 10 22 25 34 31
 21 16 25 25 49 8 1 6 4 9 17 10 142 36 0 0 5 13 5 18
 60 5 1 2 78 142 18 17 0 8 32 38 51 113 0 0 20 18 13 18
 2 1 0 0 142 101 1 0 0 0 1 5 96 72 28 6 26 124 11 12
 0 0 9 7 68 142 0 0
563.87 80.15 8.36 -1.415
 5 73 127 5 0 0 0 2 12 127 127 4 3 2 2 8 3 127 127 10
 18 56 4 2 1 43 9 1 23 127 2 0 35 15 26 6 10 2 0 4
 127 43 24 3 2 6 24 97 16 104 24 29 41 37 35 25 25 127 16 11
 13 32 0 0 28 15 1 5 15 7 0 0 100 127 79 16 2 1 1 12
 29 44 99 98 28 5 2 3 80 61 33 21 5 0 0 2 0 4 5 9
 2 0 0 0 0 29 35 1 0 0 0 0 9 55 43 3 0 0 0 0
 10 32 78 19 0 0 0 0
546.68 386.20 8.31 -1.538
 13 3 8 59 10 0 0 9 31 7 2 3 5 8 51 71 9 17 3 5
 29 38 46 10 14 122 18 0 4 4 5 1 22 29 6 9 3 0 0 2
 60 101 52 9 3 2 4 20 45 12 25 19 32 27 100 101 8 15 2 1
 17 91 122 27 0 10 3 4 1 0 0 0 87 63 11 0 0 0 0 5
 122 122 46 14 4 9 40 117 15 23 53 122 117 82 59 27 0 2 1 0
 0 0 0 0 18 32 1 0 0 0 0 0 32 122 104 10 0 0 0 0
 0 19 121 113 7 0 0 0
541.19 413.04 8.15 -2.520
 2 1 121 121 0 0 0 1 10 15 121 27 0 2 8 20 5 3 95 43
 1 12 17 35 18 16 31 7 1 12 46 120 22 2 9 12 4 31 2 9
 96 23 7 4 4 12 24 87 64 30 10 25 24 51 40 64 121 104 33 17
 16 28 53 121 9 7 1 1 92 83 1 1 46 89 67 17 7 2 0 4
 14 59 98 90 12 2 0 1 29 121 121 29 3 0 0 0 0 0 0 6
 121 52 0 0 0 5 19 6 15 17 0 0 0 2 26 11 1 0 0 0
 0 10 31 2 0 0 0 0
536.85 546.14 7.79 2.694
 3 0 0 0 0 0 0 8 7 0 0 0 0 0 17 54 139 9 0 0
 0 0 30 46 154 38 0 6 21 0 0 18 30 3 0 0 0 0 0 12
 97 29 3 0 0 1 38 116 70 15 15 5 2 25 113 74 154 11 1 1
 24 8 7 64 21 13 0 0 0 0 0 0 65 137 36 0 0 0 0 7
 86 107 117 8 1 5 4 6 154 33 5 1 25 3 0 19 8 1 0 0
 0 0 0 7 13 15 4 0 0 0 12 39 123 25 10 0 0 0 18 34
 154 6 0 0 25 1 0 27
536.85 546.14 7.79 1.395
 0 126 126 0 0 0 0 0 13 126 126 1 0 4 7 3 4 126 126 3
 0 8 36 3 0 91 126 0 0 40 62 0 30 51 32 0 0 0 0 1
 126 71 34 5 3 1 2 48 14 42 100 90 57 5 3 17 3 106 126 31
 7 0 0 0 19 34 0 0 0 0 0 0 49 113 77 13 1 0 0 3
 3 15 89 126 22 0 0 0 32 28 14 25 4 0 0 2 0 7 1 0
 0 0 0 0 0 14 26 1 0 0 0 0 0 4 28 9 0 0 0 0
 6 30 5 0 0 0 0 0
536.85 546.14 7.79 -2.580
 0 0 0 0 0 0 1 6 1 0 0 0 0 0 22 29 0 0 0 0
 0 16 51 6 0 0 0 0 0 6 21 5 12 0 0 0 0 0 9 18
 84 7 0 0 0 3 39 125 12 3 0 0 24 125 101 38 0 0 0 0
 5 42 65 92 13 0 0 0 1 32 38 10 133 62 1 0 0 3 10 57
 39 36 5 4 33 43 76 105 1 0 4 5 5 17 128 133 0 0 0 0
 7 33 72 57 19 3 0 1 0 2 122 133 10 2 11 32 0 0 119 133
 0 0 27 133 4 1 58 74
512.11 182.06 8.41 2.338
 16 27 13 13 0 0 0 0 126 142 19 0 0 0 0 8 32 142 142 27
 13 13 1 4 2 91 142 33 31 88 11 0 32 8 0 0 0 0 0 2
 142 46 6 2 2 3 6 71 23 35 90 54 103 27 12 29 18 142 97 22
 24 0 0 0 15 16 0 0 0 0 0 0 69 122 54 9 1 0 0 5
 8 29 84 130 49 2 0 2 20 44 6 30 14 0 0 0 0 3 0 0
 0 0 0 0 0 15 18 0 0 0 0 0 0 4 24 12 0 0 0 0
 17 6 1 2 0 0 0 0
512.11 182.06 8.41 -1.217
 0 0 0 0 0 3 1 1 0 0 0 0 0 1 18 12 0 0 0 0
 0 11 23 1 0 0 0 0 0 4 1 0 11 0 0 0 2 13 2 13
 61 4 0 0 1 11 55 107 5 1 0 1 47 116 71 19 0 0 0 0
 18 29 1 0 16 0 0 0 0 113 60 8 122 56 6 4 4 8 40 51
 14 21 9 24 112 74 52 15 0 0 0 0 34 68 15 0 0 5 26 4
 0 139 139 3 19 17 7 0 0 23 139 139 7 9 2 1 10 139 139 95
 0 0 0 0 23 139 57 0
476.91 85.95 9.08 1.613
 10 5 0 0 0 6 13 13 1 0 0 0 0 36 43 5 0 0 0 0
 0 27 17 0 0 0 0 0 0 2 0 0 60 16 0 0 3 2 3 16
 105 10 0 1 10 63 112 95 2 0 0 3 90 120 54 5 0 0 0 0
 15 16 0 0 45 2 0 0 1 9 120 46 120 47 9 16 26 22 63 81
 5 7 6 36 120 120 36 4 0 0 0 0 26 44 48 0 0 2 49 66
 13 30 120 20 8 51 120 6 2 15 83 50 0 40 76 2 13 120 105 2
 0 12 16 0 0 76 120 3
476.91 85.95 9.08 -1.175
 6 99 47 0 0 0 0 1 56 127 23 0 0 17 6 17 14 88 56 8
 1 127 40 5 4 15 37 3 0 88 127 25 48 11 0 0 0 0 0 8
 127 64 6 6 11 5 7 118 25 36 103 90 122 16 10 30 4 103 127 26
 10 4 11 6 26 20 0 0 0 0 0 0 96 127 59 19 5 0 0 6
 6 39 68 127 102 2 0 1 11 21 29 25 25 1 0 5 0 4 0 0
 0 0 0 0 5 50 11 0 0 0 0 0 3 29 22 16 15 2 0 0
 24 7 1 7 13 2 0 5
441.46 574.48 8.98 2.475
 40 0 0 0 0 0 6 29 111 11 0 0 0 2 24 31 140 39 0 0
 36 21 0 2 22 17 9 5 76 45 14 26 90 1 0 0 0 1 7 85
 77 5 0 1 26 37 33 49 140 30 0 0 36 10 1 8 24 12 22 22
 140 21 0 0 96 73 16 1 0 0 0 20 58 45 53 25 35 8 1 10
 140 46 5 15 27 2 0 11 21 7 2 63 140 6 0 0 8 43 15 0
 0 0 1 1 20 86 47 2 0 0 0 0 119 139 6 9 11 0 0 0
 12 15 3 27 140 18 0 0
437.40 156.01 8.28 2.698
 6 4 12 21 1 0 0 0 125 56 0 0 0 0 0 0 125 47 1 6
 100 11 0 0 0 0 16 46 125 12 0 0 14 0 1 0 0 0 0 4
 125 21 0 0 0 0 0 24 125 52 0 1 63 29 2 10 4 0 0 1
 125 110 1 0 26 2 0 0 0 0 0 3 125 24 0 0 0 0 0 58
 125 25 0 0 12 20 2 43 21 1 0 0 125 125 2 5 11 6 0 0
 0 0 0 0 80 69 0 0 0 0 0 1 125 46 0 0 1 4 3 28
 37 1 0 0 107 109 8 19
422.01 667.09 8.39 1.762
 15 126 31 0 0 0 0 0 13 126 126 28 0 0 1 4 2 14 126 104
 2 5 4 4 5 126 126 10 0 1 7 12 21 28 4 0 0 0 0 1
 123 34 10 0 0 2 12 67 25 10 13 18 12 56 51 51 43 19 4 4
 7 22 82 126 19 16 0 0 0 0 0 0 90 110 48 4 0 0 1 10
 24 69 126 60 8 8 4 9 64 126 106 36 11 6 9 31 1 7 1 0
 0 0 0 0 0 26 27 0 0 0 0 0 0 19 57 4 0 0 0 0
 0 37 73 6 0 0 0 0
422.01 667.09 8.39 -2.919
 2 0 0 0 0 0 1 7 0 0 0 0 0 0 16 16 2 0 0 0
 0 1 23 24 18 0 0 0 0 0 11 102 23 0 0 0 0 0 0 22
 53 3 0 0 0 6 81 122 6 0 0 1 10 75 124 38 124 11 0 0
 1 10 20 124 50 2 0 0 0 0 0 20 124 57 7 5 2 6 23 80
 19 23 15 63 54 58 34 16 124 82 3 9 9 8 4 21 70 4 0 0
 0 0 0 37 124 36 9 5 6 27 68 124 5 6 8 26 89 124 54 24
 124 14 0 2 12 16 5 124
420.40 529.95 8.52 -0.679
 5 22 16 1 0 0 0 3 99 12 9 1 0 0 0 16 123 2 0 0
 16 11 3 58 6 0 0 2 117 46 4 8 5 1 0 0 0 0 37 67
 100 2 0 0 0 5 81 67 123 24 0 0 34 3 7 23 15 5 0 6
 123 12 0 1 97 17 1 0 0 1 31 101 41 9 4 12 18 58 123 66
 123 33 2 9 28 26 19 16 22 8 0 2 123 36 0 0 74 107 14 0
 0 0 0 3 23 62 102 74 15 6 2 3 70 91 34 45 13 3 0 0
 35 27 0 0 123 27 0 0
388.28 469.35 7.78 -0.829
 4 1 0 0 0 0 0 4 3 1 0 0 0 0 18 28 5 6 1 0
 0 0 39 52 27 4 0 0 0 0 49 149 26 1 0 0 0 0 0 15
 70 12 2 0 0 2 45 104 55 11 7 4 2 13 108 112 153 22 0 0
 0 1 95 153 26 14 0 0 0 0 0 1 66 105 41 2 0 0 1 9
 61 111 100 15 2 3 4 7 153 153 37 1 0 0 3 32 3 6 0 0
 0 0 0 0 2 33 15 0 0 0 0 0 10 59 30 0 0 0 0 4
 28 153 45 0 0 0 4 28
378.38 661.63 8.37 2.897
 48 29 1 0 0 0 5 25 13 21 8 10 24 18 28 17 15 49 6 6
 18 14 7 2 159 125 5 0 0 0 0 7 58 36 1 0 0 0 0 7
 78 32 8 6 8 23 50 85 16 3 1 8 35 107 56 18 159 10 0 0
 2 6 3 113 51 33 0 0 0 0 0 2 89 137 81 17 4 5 8 27
 33 17 71 74 46 27 7 20 159 10 0 2 4 2 0 78 7 9 0 0
 0 0 0 1 15 44 29 0 0 0 0 1 116 24 23 4 0 0 0 25
 159 18 0 0 0 0 0 58
378.38 661.63 8.37 -2.175
 0 0 0 0 0 0 2 12 1 0 0 0 0 0 27 41 24 1 0 0
 0 3 33 81 4 1 1 3 18 55 32 15 32 1 0 0 0 0 3 44
 67 11 1 2 6 21 104 146 19 6 13 17 53 60 72 31 9 5 27 27
 26 12 3 10 48 9 0 0 0 0 20 37 103 104 44 23 9 7 21 33
 1 11 31 86 94 23 28 6 23 1 4 7 14 2 27 84 1 0 0 0
 0 2 107 93 4 11 8 2 0 13 146 81 0 1 6 8 3 4 146 137
 1 0 0 0 0 1 146 146
346.69 543.84 9.03 -0.275
 2 1 0 0 0 0 0 2 3 4 0 0 0 0 16 18 105 9 1 0
 0 2 18 16 149 6 0 2 22 7 1 34 23 1 0 0 0 0 0 10
 75 12 1 0 1 12 57 103 89 3 1 3 13 69 84 48 149 1 0 3
 31 11 3 55 28 8 0 0 0 0 2 2 91 121 25 3 1 3 3 13
 96 41 45 24 20 20 6 40 149 4 1 18 38 3 1 80 2 1 0 0
 0 19 44 8 22 26 4 0 0 1 44 36 131 15 7 0 0 0 3 149
 94 0 0 9 69 19 13 149
291.66 711.75 8.26 3.107
 3 0 0 0 0 0 0 8 1 0 0 0 0 0 24 38 1 0 0 0
 0 11 45 18 39 1 0 0 0 2 4 22 36 1 0 0 0 0 0 20
 93 14 1 1 2 11 71 117 6 3 2 6 67 117 99 32 62 0 0 0
 16 23 6 48 45 13 0 0 0 0 0 3 117 117 31 7 2 3 4 31
 15 42 41 43 92 54 55 36 108 0 0 0 20 38 50 83 19 2 0 0
 0 0 0 0 117 33 2 0 0 0 0 81 102 27 7 3 9 63 117 117
 88 0 1 2 16 117 107 117
291.66 711.75 8.26 0.299
 4 36 27 135 98 0 0 0 38 135 135 55 5 3 2 4 2 15 93 135
 108 16 1 1 0 0 0 43 54 1 0 0 25 12 8 135 32 0 0 2
 110 50 30 13 7 24 24 60 4 4 16 56 130 109 21 10 0 0 0 13
 48 7 0 0 19 22 10 37 5 0 0 0 71 113 100 23 4 3 1 9
 3 12 76 135 83 14 1 1 0 0 0 27 31 1 0 0 0 3 8 10
 6 2 0 0 0 11 49 9 0 0 0 0 0 0 28 30 0 0 0 0
 0 0 0 8 2 0 0 0
242.03 697.98 8.58 2.774
 22 20 12 4 7 11 11 19 4 1 4 4 20 32 20 6 149 13 0 0
 0 2 15 14 149 35 0 6 10 0 0 19 31 40 19 2 1 0 0 6
 61 10 7 3 4 14 62 88 117 5 0 1 6 46 83 53 149 50 4 25
 13 0 1 32 42 27 0 0 0 0 0 2 89 131 53 5 2 4 6 25
 111 56 56 16 13 22 11 32 149 20 5 59 36 0 0 44 6 7 0 0
 0 0 0 3 12 54 22 0 0 0 0 6 149 75 19 0 0 0 0 29
 125 36 5 57 52 0 0 13
242.03 697.98 8.58 -2.621
 5 0 0 0 0 0 0 8 45 17 2 0 0 0 7 26 12 15 10 26
 25 12 9 7 0 0 0 7 19 5 4 17 29 0 0 0 0 0 0 36
 51 6 0 0 3 15 72 132 2 2 2 5 36 102 60 18 0 0 0 1
 5 15 25 143 57 11 0 0 0 0 5 15 131 83 11 8 9 6 13 50
 4 9 7 14 55 45 81 113 13 1 3 1 2 6 48 143 10 1 0 0
 0 1 103 43 59 13 4 0 0 0 30 143 14 6 48 16 0 0 81 143
 18 9 138 52 0 0 20 142
220.59 195.12 8.63 -0.364
 45 55 0 0 0 0 0 0 117 95 1 1 42 9 0 0 6 6 2 2
 146 37 0 0 48 43 7 1 13 2 3 7 51 20 0 0 0 0 0 0
 146 36 0 0 22 10 1 8 28 2 0 2 146 76 1 4 3 32 21 5
 39 22 2 0 50 5 0 0 0 0 0 0 146 14 0 0 4 10 2 15
 67 0 0 2 70 146 22 18 0 0 1 7 36 146 35 0 36 2 0 0
 0 0 0 0 146 16 0 1 0 0 0 4 89 9 2 97 61 39 5 7
 0 0 0 118 63 33 3 0
206.02 636.13 8.89 -0.800
 3 1 0 1 29 17 20 12 107 41 0 0 0 4 25 17 99 28 3 11
 56 66 4 8 0 0 0 2 48 97 22 4 23 35 11 20 21 3 10 16
 95 28 16 18 9 10 20 12 136 18 0 0 38 55 6 19 6 4 4 3
 124 98 9 7 6 43 17 9 0 0 1 5 124 34 19 7 0 0 1 14
 136 21 0 0 19 35 5 38 19 2 2 2 136 136 4 7 6 1 0 0
 1 3 33 58 58 23 1 3 10 11 29 21 136 121 0 0 1 6 1 4
 59 21 0 0 84 130 2 2
179.18 631.51 7.25 -0.306
 3 2 8 71 43 18 39 33 0 0 0 58 89 28 15 1 33 2 1 7
 13 12 16 10 127 9 2 0 0 0 0 47 9 14 89 123 9 0 0 1
 44 9 6 39 16 16 49 46 29 1 1 3 10 69 79 51 127 4 2 3
 8 5 8 127 27 32 44 7 0 0 0 1 88 84 27 5 1 2 3 11
 85 17 33 20 12 15 6 80 127 0 0 1 36 14 8 127 14 5 0 0
 0 3 43 13 46 26 6 0 0 1 7 51 125 6 7 0 0 0 0 127
 70 0 0 17 83 9 6 127
179.18 631.51 7.25 -2.149
 0 5 128 78 13 29 14 1 6 68 128 5 0 2 25 23 4 92 128 1
 0 0 28 19 5 119 128 0 0 0 31 20 17 12 128 27 0 0 1 2
 74 48 96 2 1 4 7 36 4 27 126 22 35 28 9 10 0 90 128 11
 9 1 0 0 22 2 1 1 0 5 58 21 69 51 34 10 2 12 25 15
 3 9 56 108 31 10 2 2 6 15 34 46 8 0 0 0 49 17 0 0
 0 13 78 45 3 5 6 3 15 120 87 4 0 0 10 25 59 63 2 0
 8 9 7 12 12 1 0 0
178.50 277.00 8.49 -2.231
 1 0 0 0 0 0 0 1 13 0 0 0 0 0 3 39 10 0 0 0
 0 11 113 110 0 0 0 0 6 84 88 6 5 0 0 0 0 0 0 1
 121 7 0 0 0 0 0 42 121 63 19 13 10 27 80 121 5 8 16 59
 121 121 62 14 6 0 0 0 0 0 0 4 121 8 0 0 0 0 0 43
 121 99 75 50 13 1 0 24 1 9 64 121 63 4 16 11 11 0 0 0
 0 0 0 5 121 6 0 0 0 0 0 35 50 6 3 11 30 9 34 57
 0 0 3 13 7 4 104 121
181.26 204.28 8.82 2.936
 37 21 1 0 4 27 11 7 137 54 2 13 26 0 0 6 15 8 1 50
 137 0 0 0 0 0 0 4 43 1 0 0 43 0 2 8 59 37 5 6
 137 7 0 3 36 9 1 14 20 0 0 10 137 50 0 2 0 0 0 0
 41 18 0 1 20 30 12 6 14 16 10 5 137 18 2 0 14 20 5 20
 41 2 0 0 137 137 3 9 0 0 0 0 54 60 0 0 3 57 25 0
 0 0 0 0 137 137 10 0 0 4 1 4 50 73 13 16 94 124 3 3
 0 0 0 9 112 71 0 0
181.26 204.28 8.82 -0.025
 74 30 0 0 0 0 0 3 137 120 1 5 25 18 4 15 11 15 1 19
 137 96 3 1 0 0 0 0 24 67 12 0 61 15 0 1 0 0 0 0
 137 69 1 13 21 0 0 1 31 20 3 73 137 4 0 0 6 16 6 10
 28 38 9 3 67 4 0 0 0 0 0 15 137 3 0 12 32 0 0 60
 24 3 1 70 137 0 0 3 72 24 3 10 22 2 7 24 82 0 0 0
 0 0 0 46 133 0 0 6 63 17 3 109 2 1 1 41 137 30 0 3
 25 58 15 7 10 4 0 1
156.12 183.35 8.81 0.230
 2 0 0 0 0 3 6 2 65 0 0 0 0 0 0 40 91 0 0 0
 10 37 40 136 1 0 0 1 91 104 21 9 2 0 1 5 4 8 4 0
 136 12 0 0 0 0 0 16 136 46 1 12 45 19 9 53 10 4 0 26
 136 70 5 4 5 2 5 9 0 0 0 0 136 3 0 0 0 0 0 42
 136 28 2 60 40 0 0 48 5 8 4 110 130 14 1 0 11 0 1 0
 0 0 0 13 111 0 0 0 1 0 0 132 77 1 1 85 63 0 0 58
 10 7 3 70 53 0 0 6
115.71 597.13 8.10 -1.254
 7 3 0 0 0 0 1 3 15 5 0 0 0 0 4 29 28 10 4 0
 0 9 40 134 1 2 2 0 10 71 47 29 9 9 0 0 0 0 0 0
 126 9 0 0 0 0 0 31 134 12 0 1 10 31 36 134 18 4 1 6
 134 134 34 33 10 2 0 0 0 0 0 0 120 42 0 0 0 0 0 1
 134 134 62 18 9 3 0 11 13 34 72 134 134 19 0 2 2 3 0 0
 0 0 0 0 10 34 2 0 0 0 0 0 10 118 86 5 0 0 0 0
 0 16 97 69 3 0 0 1
111.84 790.81 8.47 1.901
 16 59 26 0 0 0 0 0 42 48 62 8 0 0 1 30 116 116 4 0
 3 10 3 25 35 48 0 0 46 116 2 1 45 9 0 0 0 0 0 4
 116 17 4 1 0 0 7 104 81 60 18 23 4 4 22 66 116 116 3 1
 5 55 6 4 32 17 0 0 0 0 0 0 92 113 63 4 0 0 0 7
 73 72 116 42 1 0 0 8 116 93 8 2 0 2 0 54 1 9 1 0
 0 0 0 0 1 36 25 0 0 0 0 0 69 99 23 0 0 0 0 2
 91 116 99 5 0 0 0 26
106.01 737.09 8.77 -0.630
 47 6 4 3 0 0 4 7 142 31 1 8 10 0 0 1 29 10 3 62
 131 3 2 1 1 2 5 24 37 34 31 3 64 12 10 5 0 0 0 0
 142 15 0 6 26 0 0 11 34 4 13 76 142 1 0 3 1 6 63 73
 20 3 3 1 61 1 0 0 0 5 26 24 142 11 0 11 28 9 5 57
 20 4 2 48 142 68 13 4 0 0 10 26 33 58 16 0 48 8 10 4
 2 13 23 33 142 5 0 1 14 30 18 132 7 0 0 25 123 127 20 14
 0 0 0 59 50 37 10 0
107.88 673.18 7.51 -2.134
 1 42 159 2 0 0 0 0 20 159 159 0 0 0 0 7 7 128 159 24
 1 1 1 4 0 0 159 89 8 10 1 0 31 14 26 2 4 1 0 4
 111 57 23 4 7 5 5 56 6 16 91 55 72 12 5 10 0 0 108 37
 8 1 4 1 17 18 1 1 16 7 0 0 52 104 64 15 3 0 0 5
 9 16 67 89 32 1 0 1 40 5 3 8 3 1 24 36 0 2 1 12
 25 2 0 0 0 15 26 3 0 0 0 0 19 13 26 6 0 0 0 1
 110 47 0 0 0 0 5 21
87.89 188.63 7.91 -0.022
 22 1 1 1 1 1 4 4 71 2 0 0 1 3 3 19 4 0 2 5
 27 36 3 5 0 0 6 12 44 16 0 0 40 12 10 2 0 0 0 2
 133 9 0 0 2 10 7 45 10 0 0 8 86 57 9 12 0 0 0 20
 81 7 0 0 46 18 1 0 0 0 0 0 133 40 0 0 1 4 6 47
 36 4 0 1 65 133 72 53 0 0 0 4 73 113 3 0 41 2 0 0
 0 0 1 4 133 26 0 0 0 0 5 113 133 21 0 0 54 133 110 131
 0 0 0 0 133 133 6 0
61.32 809.35 7.88 -2.967
 5 0 0 0 0 0 0 15 19 0 0 0 0 0 28 72 54 29 1 0
 0 1 43 42 10 14 3 1 4 10 24 48 52 1 0 0 0 0 0 29
 129 11 0 0 0 7 63 129 12 2 0 0 0 40 129 87 2 0 0 26
 7 2 67 127 56 4 0 0 0 0 4 36 129 64 0 0 0 2 5 63
 69 15 0 18 17 16 54 77 0 0 0 129 52 2 17 25 33 0 0 0
 0 0 19 123 69 2 0 3 1 0 28 129 31 0 0 107 75 1 4 79
 0 0 0 129 101 1 0 0
37.93 675.71 8.52 0.809
 0 0 0 0 0 0 9 11 0 0 0 0 0 5 55 32 0 0 0 0
 0 20 50 8 0 0 0 0 0 0 3 9 37 1 0 0 0 1 5 54
 120 16 1 2 9 45 125 125 14 5 1 6 92 125 114 38 44 23 3 0
 8 8 7 52 58 14 0 0 1 43 48 18 125 125 25 15 16 10 6 28
 20 53 26 44 125 99 12 4 33 78 9 1 22 49 6 5 7 4 1 11
 125 125 59 9 54 88 3 0 14 13 10 10 61 81 6 3 18 57 22 15
 17 5 1 1 26 86 50 23
37.93 675.71 8.52 -1.930
 7 10 5 37 56 39 4 0 120 91 4 6 28 12 3 24 16 15 14 16
 131 41 5 9 74 35 40 8 35 4 0 24 10 6 16 61 55 23 2 2
 131 67 15 19 28 18 15 127 38 16 14 68 131 107 25 48 63 70 10 26
 88 9 0 4 5 20 29 23 0 0 0 0 92 131 117 23 2 0 0 6
 12 51 131 131 80 3 0 2 1 12 17 64 27 0 0 0 0 2 2 0
 0 0 0 0 0 27 33 1 0 0 0 0 0 5 55 17 0 0 0 0
 3 7 10 4 0 0 0 0
833.24 421.82 5.88 2.897
 13 0 0 0 0 0 0 5 58 0 0 0 0 0 0 57 138 12 0 0
 0 0 3 106 124 11 0 0 0 29 73 75 36 1 0 0 0 0 0 10
 113 5 0 0 0 0 0 121 138 49 7 0 0 0 1 80 138 92 11 5
 5 23 9 18 39 14 0 0 0 0 0 1 115 93 19 0 0 0 0 12
 47 120 98 8 0 0 0 6 82 138 138 12 1 0 0 0 14 7 0 0
 0 0 0 0 42 51 6 0 0 0 0 0 19 28 32 2 0 2 10 6
 1 43 75 0 0 8 16 2
821.00 298.44 6.37 1.309
 48 28 0 0 0 0 0 0 11 16 1 1 37 21 1 1 0 0 0 0
 41 37 0 0 2 6 4 0 1 1 0 0 37 26 0 0 0 0 0 3
 77 19 0 1 13 23 7 15 2 0 0 1 83 73 4 3 0 0 0 0
 9 9 7 11 23 0 0 0 0 0 17 30 82 14 2 6 11 4 19 32
 3 3 1 10 76 40 48 3 0 0 0 0 5 11 70 56 0 0 0 0
 0 8 199 78 4 0 0 0 0 2 199 160 0 0 0 0 2 19 199 36
 0 0 0 0 0 1 199 96
821.00 298.44 6.37 -1.606
 0 27 188 73 0 0 0 0 9 151 188 0 0 0 0 2 2 99 188 26
 2 0 0 1 0 42 188 42 0 0 0 0 15 11 40 19 0 0 0 0
 111 32 15 2 4 2 2 29 14 7 30 47 77 7 3 12 0 3 61 39
 14 0 0 0 24 7 2 1 0 3 0 0 119 52 4 7 4 0 0 4
 11 12 5 38 89 14 0 1 0 1 2 13 34 7 0 0 12 2 0 4
 5 3 0 0 96 13 0 0 0 0 0 2 20 3 0 3 47 23 1 2
 0 0 0 6 51 9 0 0
740.73 327.40 5.92 0.018
 31 0 0 0 0 0 9 64 7 0 0 0 0 0 106 64 5 0 0 0
 0 0 124 82 23 0 0 0 0 1 108 111 96 35 4 0 0 0 0 31
 65 59 16 0 0 0 17 37 124 15 0 0 0 1 56 82 23 0 0 0
 0 3 107 93 21 84 11 0 0 0 0 0 124 106 17 0 0 0 0 7
 124 31 0 0 0 0 0 69 57 5 0 2 2 0 4 58 6 28 1 0
 0 0 0 0 104 106 0 0 0 0 0 0 124 124 0 0 0 0 0 5
 45 80 2 14 6 0 0 3
728.06 341.11 6.21 -1.309
 9 129 17 1 0 0 0 0 33 129 30 0 0 2 0 0 37 96 13 0
 0 43 17 1 4 5 0 0 0 129 57 0 70 44 3 0 0 0 0 2
 129 79 2 0 0 0 0 41 129 92 16 0 0 0 0 23 8 53 22 3
 0 17 4 0 97 2 0 0 0 0 0 19 129 62 25 2 0 0 0 16
 21 125 129 6 0 0 0 2 0 91 129 33 0 0 0 0 47 33 1 0
 0 0 0 7 50 58 29 15 1 0 0 3 0 21 83 66 3 0 0 0
 0 22 129 34 0 0 0 0
705.36 153.15 6.85 -2.505
 26 0 0 0 0 0 0 7 132 3 0 1 1 1 7 62 26 3 0 19
 74 49 22 22 2 0 0 2 28 26 17 69 53 2 0 0 0 0 0 10
 132 21 2 1 2 9 10 97 25 7 4 18 67 102 30 45 19 0 0 2
 15 17 22 132 33 19 0 0 0 0 0 1 116 132 37 2 1 2 1 14
 89 79 70 19 22 30 10 73 73 0 0 17 41 8 13 132 5 3 0 0
 0 0 0 1 66 45 6 0 0 0 0 19 132 28 9 2 0 0 0 132
 78 1 2 101 66 0 0 69
689.39 435.90 6.13 2.543
 12 28 6 0 0 0 0 0 24 90 27 0 0 0 0 9 88 132 34 0
 0 0 0 12 171 142 1 1 6 1 0 3 32 3 0 0 0 0 0 4
 74 9 0 0 0 0 4 71 125 16 3 0 0 0 13 74 171 18 0 0
 0 1 0 17 31 10 0 0 0 0 0 0 77 70 13 0 0 0 0 9
 95 80 38 0 0 0 1 7 171 56 0 0 0 0 0 1 10 7 0 0
 0 0 0 0 25 40 4 0 0 0 0 0 126 33 7 0 0 0 0 5
 171 18 0 0 0 0 0 1
619.72 53.38 6.65 0.446
 3 0 0 0 0 0 0 3 28 0 0 0 0 0 3 47 31 0 0 0
 0 12 85 110 111 73 4 0 0 23 41 27 10 0 0 0 0 0 0 1
 133 3 0 0 0 0 0 21 133 5 0 0 0 32 56 93 20 13 1 0
 0 103 133 39 10 0 0 0 0 0 0 0 133 24 0 0 0 0 0 0
 133 133 19 0 0 2 8 19 49 96 61 1 0 16 68 30 5 0 0 0
 0 0 0 0 42 27 0 0 0 0 0 1 107 133 12 0 0 0 0 18
 118 71 24 3 15 4 5 97
601.05 59.74 6.05 0.239
 1 0 0 0 0 0 0 11 24 0 0 0 0 0 11 49 120 83 1 0
 0 0 11 44 64 118 58 26 14 18 24 26 33 0 0 0 0 0 0 23
 85 4 0 0 0 2 52 120 33 40 1 0 0 49 120 44 14 86 57 11
 0 7 49 57 50 11 0 0 0 0 0 2 120 70 0 0 0 1 7 24
 111 28 5 0 0 36 120 46 14 12 8 1 0 8 120 120 20 9 0 0
 0 0 0 0 120 106 1 0 0 0 0 0 80 120 77 1 0 0 6 6
 32 63 61 6 2 1 8 14
508.72 53.17 6.87 2.101
 0 0 0 0 15 43 4 1 0 0 0 0 0 2 21 11 0 0 0 0
 0 15 18 1 0 0 0 0 0 6 0 0 9 0 0 25 114 34 1 7
 44 6 0 0 2 10 38 63 3 1 0 0 35 90 38 9 0 0 0 0
 15 23 0 0 14 2 0 38 44 6 2 4 103 28 0 0 2 2 11 69
 16 7 0 0 42 129 108 56 0 0 0 0 27 118 11 0 4 0 0 0
 3 79 65 17 136 0 0 0 0 2 31 136 85 1 0 5 66 136 136 136
 0 0 0 5 136 136 20 0
508.72 53.17 6.87 -0.392
 13 0 0 0 0 0 0 2 142 64 1 0 0 0 0 19 142 142 142 84
 2 1 2 39 5 37 142 142 20 3 2 4 24 1 0 0 0 0 0 6
 121 32 4 2 2 0 0 42 25 62 126 89 32 0 0 9 3 17 94 104
 4 0 0 0 17 9 0 0 0 0 0 0 47 70 34 7 1 0 0 4
 4 12 41 75 26 0 0 5 4 2 2 16 6 0 24 52 1 3 0 0
 0 0 0 0 1 14 13 0 0 0 0 0 38 6 14 5 0 0 0 27
 94 15 1 0 0 0 58 142
487.58 574.96 5.91 2.258
 4 32 47 1 0 0 0 1 11 17 50 10 0 0 3 16 134 134 5 0
 0 0 3 9 134 134 0 0 4 7 0 0 34 3 0 0 0 0 0 12
 48 3 0 0 0 0 28 86 77 24 0 0 0 6 57 42 134 134 0 0
 0 0 1 5 47 9 0 0 0 0 0 2 133 46 0 0 0 0 4 27
 46 9 0 0 0 19 68 48 134 102 0 0 0 14 23 8 28 2 0 0
 0 0 0 5 134 8 0 0 0 0 0 64 96 0 0 0 11 40 50 119
 44 20 0 0 35 69 20 3
400.26 158.04 5.76 2.687
 41 0 0 0 0 0 0 47 123 8 0 0 0 0 0 60 95 9 0 0
 33 52 3 8 0 0 0 0 117 105 0 0 64 61 0 0 0 0 0 15
 88 93 3 0 0 0 0 24 125 33 0 0 25 19 4 23 3 0 0 0
 125 116 3 3 32 54 0 0 0 0 0 0 125 63 1 0 0 0 0 14
 125 7 0 0 3 16 8 78 8 0 0 0 114 125 8 11 34 7 0 0
 0 0 0 2 125 37 0 0 0 0 0 2 125 54 0 0 2 1 0 5
 16 5 0 3 125 19 0 0
347.12 199.21 6.95 2.191
 14 46 2 0 0 0 0 0 86 132 0 0 0 0 0 6 110 132 1 0
 4 7 0 2 16 63 8 0 49 132 0 0 36 8 0 0 0 0 0 4
 132 34 3 1 0 0 0 78 101 132 67 32 0 0 0 41 8 132 132 10
 12 19 0 0 21 17 0 0 0 0 0 0 75 125 47 3 0 0 0 8
 10 38 132 94 0 0 0 4 6 115 112 21 0 0 1 2 0 6 0 0
 0 0 0 0 0 36 14 0 0 0 0 0 12 35 25 4 0 0 0 2
 12 20 8 1 0 0 5 7
347.12 199.21 6.95 -2.413
 0 0 0 0 0 0 1 5 0 0 0 0 0 0 19 16 0 0 0 0
 0 5 35 5 0 0 0 0 0 1 15 20 9 0 0 0 0 0 3 35
 47 2 0 0 0 6 67 127 4 0 0 0 0 100 127 28 0 0 0 0
 0 16 107 122 19 2 0 0 1 4 18 32 127 72 0 0 0 4 9 45
 61 27 0 0 0 59 113 122 0 0 1 1 0 8 127 127 6 1 0 0
 7 6 21 24 107 14 0 0 1 1 12 127 127 8 15 17 0 0 21 127
 2 0 68 112 0 0 40 75
304.36 210.85 5.86 3.092
 19 1 0 0 0 0 0 3 45 54 6 0 0 0 1 9 18 126 65 0
 0 0 1 1 150 150 13 0 0 0 0 1 32 0 0 0 0 0 0 6
 52 6 0 0 0 3 8 33 39 18 3 0 0 15 14 22 150 52 0 0
 0 0 0 53 26 2 0 0 0 0 0 12 60 29 0 0 0 1 3 19
 48 9 0 0 0 5 4 124 150 0 0 1 9 2 3 150 13 0 0 0
 0 0 15 70 10 1 0 0 0 0 89 138 15 0 0 0 0 0 55 150
 24 0 0 9 50 9 20 150
164.78 245.68 6.77 -2.443
 24 5 0 0 0 0 0 0 134 94 6 0 0 0 0 6 31 76 92 102
 16 0 0 2 0 0 13 103 47 3 4 6 33 0 0 0 0 0 0 3
 134 8 1 0 4 1 0 27 30 6 9 30 73 19 5 15 0 0 1 16
 10 5 21 134 31 3 0 0 0 0 0 1 133 59 2 1 1 0 0 6
 30 23 4 5 25 11 28 130 0 0 0 16 5 3 41 134 14 1 0 0
 0 0 0 3 119 17 0 0 0 0 0 62 115 4 0 3 8 2 23 134
 1 0 0 114 87 7 37 113
154.60 745.66 6.63 1.833
 45 12 0 0 0 0 0 0 125 125 0 0 0 0 0 4 88 125 75 5
 6 12 0 1 0 28 71 32 125 82 0 0 60 7 0 0 0 0 0 5
 125 44 8 4 0 0 0 48 45 105 125 58 0 0 0 12 37 125 104 16
 16 18 2 1 24 34 1 0 0 0 0 0 55 118 71 7 0 0 0 3
 10 36 124 75 0 0 0 2 91 125 21 6 0 0 0 4 0 11 1 0
 0 0 0 0 10 29 16 0 0 0 0 0 47 12 16 1 0 0 0 36
 45 19 0 0 0 1 15 69
154.60 745.66 6.63 -2.763
 0 0 0 0 0 0 1 11 0 0 0 0 0 0 26 36 0 0 0 0
 0 10 56 6 0 0 0 0 0 3 37 2 14 0 0 0 0 3 20 28
 72 7 0 0 0 5 53 117 8 3 0 0 0 73 124 32 0 0 0 0
 0 11 124 74 14 0 0 0 5 57 34 10 124 58 0 0 0 3 13 44
 113 38 0 0 0 18 54 124 35 2 4 9 0 2 124 124 0 0 0 0
 15 43 74 40 18 3 0 2 0 2 124 124 103 20 34 18 1 1 33 124
 52 28 124 76 0 0 2 42
48.67 716.99 6.84 -1.549
 0 5 40 74 9 0 0 0 14 128 70 7 0 0 1 9 5 173 122 0
 0 0 1 3 1 173 169 2 7 19 2 0 13 5 8 28 33 5 0 0
 100 16 2 4 5 4 6 40 10 56 39 23 53 11 8 13 0 173 114 8
 4 0 0 0 14 2 2 18 51 3 1 20 100 21 3 9 11 4 11 50
 9 6 4 56 87 4 1 2 1 29 19 17 13 0 0 1 53 9 8 9
 3 0 2 57 27 6 4 18 40 22 34 91 0 0 0 35 102 13 3 0
 21 1 0 10 8 0 0 19
26.43 210.00 7.39 1.368
 0 0 0 0 0 3 62 18 22 1 0 0 0 0 48 69 41 1 0 0
 0 3 96 91 0 0 0 0 0 2 21 1 0 0 13 34 12 8 23 2
 102 28 26 10 0 0 7 14 144 10 0 0 0 10 72 132 4 0 0 0
 0 11 60 17 0 3 44 59 6 0 0 0 127 86 28 18 0 0 0 3
 144 144 64 17 0 3 25 71 17 24 79 50 2 6 28 13 0 1 35 13
 0 0 0 0 14 64 19 3 0 0 0 0 34 144 144 19 0 0 0 0
 0 19 144 65 0 0 0 0
838.67 403.76 5.21 3.034
 14 0 0 0 0 0 0 30 113 1 0 0 0 0 1 96 92 3 0 0
 0 22 75 103 44 2 0 0 3 56 56 23 26 0 0 0 0 0 6 96
 131 10 0 0 0 1 13 70 131 18 0 0 2 22 12 42 33 2 0 0
 44 116 13 14 73 29 11 3 0 0 2 30 83 46 32 15 1 1 6 13
 131 130 37 5 2 4 1 23 32 23 63 61 66 35 2 7 22 37 16 1
 0 0 0 0 8 53 45 7 0 2 1 0 22 131 127 3 0 0 0 0
 27 65 131 31 1 0 0 0
727.18 413.52 5.24 -2.846
 29 73 3 0 0 0 0 1 14 100 60 16 8 1 2 7 0 3 18 32
 47 14 14 4 19 0 0 0 5 5 10 78 39 6 0 0 0 0 0 23
 84 18 4 0 0 2 30 111 6 2 2 1 1 51 116 47 50 0 0 0
 0 5 34 145 37 3 0 0 0 1 19 25 145 89 1 0 0 1 6 30
 67 46 3 0 2 27 37 124 40 0 0 0 0 2 20 145 3 0 0 0
 0 25 57 14 70 21 0 0 0 5 21 78 145 12 0 0 0 0 0 145
 63 0 2 19 3 0 0 145
416.77 166.16 5.53 -3.020
 6 0 0 0 0 0 0 13 4 0 0 0 0 0 15 62 27 0 0 0
 0 0 26 94 123 0 0 4 3 0 0 110 40 0 0 0 0 0 0 19
 93 10 0 0 0 0 38 112 36 4 0 0 0 0 115 123 89 0 0 4
 38 5 8 123 52 3 0 0 0 0 0 9 123 58 0 0 0 0 2 40
 123 36 0 0 0 0 16 116 74 0 0 37 74 2 3 84 36 0 0 0
 0 0 0 44 98 2 0 0 0 0 1 123 43 1 0 0 5 6 38 123
 11 0 0 56 123 16 15 31
62.33 790.26 5.42 2.433
 15 13 48 14 0 0 0 5 117 6 4 2 0 0 0 25 101 2 0 0
 30 13 2 37 0 0 0 0 117 28 0 1 35 5 3 0 0 0 19 104
 106 8 0 0 0 2 51 66 117 25 0 0 31 14 4 11 6 0 0 0
 117 73 0 0 116 50 3 0 0 0 21 84 21 22 22 3 1 27 97 39
 117 11 5 1 7 17 17 27 20 0 0 0 117 117 2 4 29 117 36 0
 0 0 0 0 4 108 117 4 1 2 1 0 85 105 37 2 1 2 1 2
 39 17 0 0 62 64 1 1
9.04 193.45 4.89 1.215
 2 0 0 0 0 0 22 63 6 0 0 0 0 0 109 111 0 0 0 0
 0 1 82 10 0 0 0 0 0 0 0 0 33 3 0 0 0 0 27 81
 146 15 0 0 0 3 54 143 19 1 0 0 0 48 105 30 0 0 0 0
 0 4 0 0 22 22 15 11 0 0 6 6 146 91 1 0 0 1 3 26
 127 9 0 0 1 72 127 77 0 0 0 0 0 20 48 0 10 23 29 11
 0 0 0 0 146 67 2 0 0 0 0 18 146 35 1 2 2 22 96 114
 3 2 1 14 10 32 63 6
1015.65 98.82 3.18 1.702
 0 0 0 0 0 0 0 0 44 32 0 0 0 0 0 1 25 11 0 38
 138 1 0 1 0 0 0 51 138 32 22 4 1 0 0 0 0 0 0 0
 138 43 0 2 1 0 0 0 55 13 0 63 138 11 2 0 0 0 0 23
 138 59 92 112 6 0 0 0 0 0 0 3 138 4 0 2 3 1 0 43
 46 3 0 17 80 40 23 12 4 2 1 1 24 27 65 138 5 18 2 0
 0 0 0 1 92 118 32 7 0 0 0 24 13 13 124 58 5 9 6 6
 5 37 138 11 0 1 6 16
6.28 784.87 2.54 -0.573
 0 0 0 0 0 0 0 0 21 0 0 0 0 0 0 3 78 0 0 0
 0 0 0 46 43 0 0 0 0 0 1 84 37 0 0 0 0 0 0 5
 138 2 0 0 0 0 0 64 138 23 0 0 0 0 0 86 85 21 0 2
 2 0 0 29 103 12 0 0 0 0 0 7 138 85 0 0 0 0 0 24
 138 122 0 0 0 0 0 5 120 28 0 0 6 0 0 0 40 34 1 0
 0 0 0 0 128 138 0 0 0 0 0 0 138 138 0 0 0 0 0 0
 131 31 0 0 2 1 0 0
1007.06 584.87 1.63 -2.308
 38 0 0 0 0 0 0 35 67 0 0 0 0 0 0 130 38 0 0 0
 0 0 27 130 5 0 0 0 0 5 119 68 103 2 0 0 0 0 0 12
 130 13 0 0 0 0 0 83 130 2 0 0 0 0 0 109 69 0 0 0
 0 0 16 54 96 6 0 0 0 0 0 1 130 63 0 0 0 0 0 2
 130 64 0 0 0 0 0 14 118 10 0 0 0 0 0 12 56 13 0 0
 0 0 0 0 130 61 0 0 0 0 0 0 123 105 0 0 0 0 0 0
 64 80 0 0 0 0 0 0
1007.09 557.33 1.21 -0.892
 99 2 0 0 0 0 0 2 130 1 0 0 0 0 0 19 130 2 0 0
 0 0 0 68 76 17 0 0 0 0 0 29 123 12 0 0 0 0 0 2
 130 6 0 0 0 0 0 46 130 37 0 0 0 0 0 43 97 32 0 0
 0 0 0 2 130 12 0 0 0 0 0 5 130 85 0 0 0 0 0 17
 105 113 0 0 0 0 0 2 113 27 0 0 0 0 0 0 66 44 0 0
 0 0 0 0 66 130 0 0 0 0 0 0 76 130 1 0 0 0 0 0
 33 97 18 0 0 0 0 0
1007.12 339.22 0.91 -0.938
 1 121 20 0 0 0 0 0 60 122 12 0 0 0 0 6 122 46 6 0
 0 0 0 15 28 33 40 0 0 0 0 0 44 104 13 0 0 0 0 0
 122 60 4 0 0 0 0 33 110 47 47 0 0 0 0 25 44 36 27 0
 0 0 0 1 103 71 4 0 0 0 0 0 122 120 61 0 0 0 0 4
 22 122 97 0 0 0 0 0 59 122 4 0 0 0 0 0 43 64 15 0
 0 0 0 0 19 116 84 0 0 0 0 0 32 122 24 0 0 0 0 0
 19 122 4 0 0 0 0 0
1004.62 338.31 1.00 -0.805
 1 117 0 0 0 0 0 0 3 125 0 0 0 0 0 0 13 125 3 0
 0 0 0 0 63 95 4 0 0 0 0 4 0 108 9 0 0 0 0 0
 30 125 4 0 0 0 0 1 125 108 0 0 0 0 0 46 125 28 12 0
 0 0 0 45 3 80 11 0 0 0 0 0 125 85 2 0 0 0 0 8
 125 81 25 0 0 0 0 49 48 86 43 0 0 0 0 12 14 51 3 0
 0 0 0 0 98 78 17 0 0 0 0 0 44 125 63 0 0 0 0 0
 48 125 15 0 0 0 0 0
14.92 213.51 1.00 1.273
 127 13 0 0 0 0 0 1 143 10 0 0 0 0 16 37 29 0 0 0
 0 0 21 108 18 0 0 0 0 0 12 103 143 2 0 0 0 0 0 14
 143 8 0 0 0 0 8 39 68 0 0 0 0 0 32 93 74 0 0 0
 0 0 1 63 142 0 0 0 0 0 0 30 143 30 0 0 0 0 0 18
 121 18 0 0 0 1 14 18 99 0 0 0 0 0 1 13 123 0 0 0
 0 0 0 22 143 30 0 0 0 0 0 14 137 38 0 0 0 0 3 10
 62 0 0 0 0 0 2 18
